1			-3.5723E+04
5			-3.5734E+04
10			-3.5759E+04
15			-3.5806E+04
20			-3.5853E+04
25			-3.5867E+04
30			-3.5876E+04
35			-3.5885E+04
40			-3.5893E+04
45			-3.5900E+04
50			-3.5906E+04
55			-3.5913E+04
60			-3.5919E+04
65			-3.5925E+04
70			-3.5933E+04
75			-3.5936E+04
80			-3.5941E+04
85			-3.5947E+04
90			-3.5956E+04
95			-3.5960E+04
100			-3.5966E+04
105			-3.5984E+04
110			-3.6137E+04
115			-3.6190E+04
120			-3.6221E+04
125			-3.6266E+04
130			-3.6268E+04
135			-3.6300E+04
140			-3.6333E+04
145			-3.6356E+04
150			-3.6384E+04
155			-3.6385E+04
160			-3.6397E+04
165			-3.6415E+04
170			-3.6430E+04
175			-3.6446E+04
180			-3.6448E+04
185			-3.6458E+04
190			-3.6471E+04
195			-3.6483E+04
200			-3.6498E+04
205			-3.6499E+04
210			-3.6510E+04
215			-3.6523E+04
220			-3.6531E+04
225			-3.6543E+04
230			-3.6544E+04
235			-3.6553E+04
240			-3.6564E+04
245			-3.6573E+04
250			-3.6584E+04
255			-3.6585E+04
260			-3.6593E+04
265			-3.6603E+04
270			-3.6612E+04
275			-3.6624E+04
280			-3.6625E+04
285			-3.6636E+04
290			-3.6647E+04
295			-3.6653E+04
300			-3.6662E+04
305			-3.6664E+04
310			-3.6671E+04
315			-3.6679E+04
320			-3.6689E+04
325			-3.6703E+04
330			-3.6704E+04
335			-3.6717E+04
340			-3.6730E+04
345			-3.6734E+04
350			-3.6742E+04
355			-3.6744E+04
360			-3.6750E+04
365			-3.6757E+04
370			-3.6767E+04
375			-3.6779E+04
380			-3.6781E+04
385			-3.6793E+04
390			-3.6804E+04
395			-3.6808E+04
400			-3.6816E+04
405			-3.6818E+04
410			-3.6823E+04
415			-3.6829E+04
420			-3.6840E+04
425			-3.6853E+04
430			-3.6854E+04
435			-3.6867E+04
440			-3.6877E+04
445			-3.6881E+04
450			-3.6888E+04
455			-3.6889E+04
460			-3.6896E+04
465			-3.6905E+04
470			-3.6910E+04
475			-3.6920E+04
480			-3.6921E+04
485			-3.6927E+04
490			-3.6935E+04
495			-3.6941E+04
500			-3.6950E+04
500			-3.6950E+04
