1			-2.2315E+04
5			-2.3103E+04
10			-2.4176E+04
15			-2.5190E+04
20			-2.6440E+04
25			-2.7911E+04
30			-2.8674E+04
35			-2.9030E+04
40			-2.9349E+04
45			-2.9647E+04
50			-2.9833E+04
55			-3.0029E+04
60			-3.0188E+04
65			-3.0345E+04
70			-3.0487E+04
75			-3.0713E+04
80			-3.0821E+04
85			-3.0945E+04
90			-3.1049E+04
95			-3.1159E+04
100			-3.1241E+04
105			-3.1297E+04
110			-3.2273E+04
115			-3.2417E+04
120			-3.2764E+04
125			-3.2908E+04
130			-3.2910E+04
135			-3.3060E+04
140			-3.3192E+04
145			-3.3354E+04
150			-3.3447E+04
155			-3.3451E+04
160			-3.3513E+04
165			-3.3580E+04
170			-3.3671E+04
175			-3.3748E+04
180			-3.3751E+04
185			-3.3810E+04
190			-3.3861E+04
195			-3.3938E+04
200			-3.3985E+04
205			-3.3987E+04
210			-3.4045E+04
215			-3.4089E+04
220			-3.4143E+04
225			-3.4181E+04
230			-3.4184E+04
235			-3.4226E+04
240			-3.4252E+04
245			-3.4326E+04
250			-3.4371E+04
255			-3.4373E+04
260			-3.4437E+04
265			-3.4473E+04
270			-3.4508E+04
275			-3.4539E+04
280			-3.4541E+04
285			-3.4573E+04
290			-3.4593E+04
295			-3.4657E+04
300			-3.4700E+04
305			-3.4702E+04
310			-3.4765E+04
315			-3.4796E+04
320			-3.4820E+04
325			-3.4849E+04
330			-3.4852E+04
335			-3.4880E+04
340			-3.4896E+04
345			-3.4953E+04
350			-3.4992E+04
355			-3.4994E+04
360			-3.5050E+04
365			-3.5079E+04
370			-3.5098E+04
375			-3.5122E+04
380			-3.5125E+04
385			-3.5146E+04
390			-3.5160E+04
395			-3.5208E+04
400			-3.5242E+04
405			-3.5244E+04
410			-3.5287E+04
415			-3.5310E+04
420			-3.5331E+04
425			-3.5346E+04
430			-3.5348E+04
435			-3.5362E+04
440			-3.5384E+04
445			-3.5410E+04
450			-3.5458E+04
455			-3.5459E+04
460			-3.5486E+04
465			-3.5509E+04
470			-3.5519E+04
475			-3.5552E+04
480			-3.5554E+04
485			-3.5565E+04
490			-3.5581E+04
495			-3.5615E+04
500			-3.5680E+04
500			-3.5680E+04
