       0.000           0.0000
       1.000         192.9798
       2.000         381.8524
       3.000         569.7024
       4.000         762.4865
       5.000         948.3523
       6.000        1138.1008
       7.000        1331.6022
       8.000        1531.0461
       9.000        1716.9917
      10.000        1899.6415
      11.000        2084.1506
      12.000        2282.3083
      13.000        2510.6829
      14.000        2650.4922
      15.000        2865.6165
      16.000        3105.7324
      17.000        3303.2346
      18.000        3475.5493
      19.000        3635.0532
      20.000        3794.2754
      21.000        3978.0320
      22.000        3955.0862
      23.000        4145.9956
      24.000        4166.2368
      25.000        4267.8784
      26.000        4436.8276
      27.000        4519.1162
      28.000        4659.1011
      29.000        4693.5278
      30.000        4766.2524
      31.000        4935.0767
      32.000        4990.7046
      33.000        5034.0391
      34.000        5088.7681
      35.000        5232.6245
      36.000        5302.3232
      37.000        5508.5693
      38.000        5590.4395
      39.000        5656.1187
      40.000        5707.5908
      41.000        5768.4858
      42.000        5747.1240
      43.000        5778.8389
      44.000        5853.0718
      45.000        5714.3955
      46.000        5886.9590
      47.000        5837.8550
      48.000        5777.2300
      49.000        5818.1724
      50.000        5817.9946
      51.000        5826.1953
      52.000        5808.9688
      53.000        5785.3027
      54.000        5811.1226
      55.000        5700.6211
      56.000        5689.2080
      57.000        5833.0947
      58.000        5760.1709
      59.000        5796.8784
      60.000        5836.0581
      61.000        5843.6187
      62.000        5778.0186
      63.000        5865.4673
      64.000        5774.6167
      65.000        5825.0337
      66.000        5806.5527
      67.000        5897.9883
      68.000        5752.8433
      69.000        5783.8843
      70.000        5850.4692
      71.000        5777.5303
      72.000        5763.9658
      73.000        5714.8950
      74.000        5751.3511
      75.000        5716.8872
      76.000        5785.9512
      77.000        5863.3452
      78.000        5815.5498
      79.000        5841.9268
      80.000        5776.1992
      81.000        5817.8809
      82.000        5806.3838
      83.000        5729.0454
      84.000        5867.9277
      85.000        5720.4834
      86.000        5850.6587
      87.000        5861.4097
      88.000        5822.1924
      89.000        5839.0229
      90.000        5797.6514
      91.000        5745.6777
      92.000        5907.8838
      93.000        5791.9575
      94.000        5908.5654
      95.000        5751.7144
      96.000        5769.2163
      97.000        5796.2793
      98.000        5671.6006
      99.000        5805.9746
     100.000        5835.9712
     101.000        5858.8320
     102.000        5681.1377
     103.000        5775.9419
     104.000        5794.0732
     105.000        5882.1548
     106.000        5907.6616
     107.000        5782.6426
     108.000        5736.1963
     109.000        5792.6187
     110.000        5750.5371
     111.000        5774.7773
     112.000        5726.3906
     113.000        5858.1548
     114.000        5838.1187
     115.000        5760.4351
     116.000        5669.1152
     117.000        5671.9243
     118.000        5849.3584
     119.000        5789.6426
     120.000        5838.0474
     121.000        5707.8223
     122.000        5786.9209
     123.000        5772.2363
     124.000        5804.8013
     125.000        5815.2080
     126.000        5805.5791
     127.000        5789.7515
     128.000        5767.0015
     129.000        5730.8184
     130.000        5868.7231
     131.000        5910.9653
     132.000        5705.5098
     133.000        5800.0156
     134.000        5753.9165
     135.000        5798.2524
     136.000        5853.9966
     137.000        5727.6475
     138.000        5772.7334
     139.000        5739.5845
     140.000        5792.1538
