       0.000      -39679.6242
       1.000      -34724.6241
       2.000      -34586.7543
       3.000      -34370.2206
       4.000      -34096.9897
       5.000      -33759.9795
       6.000      -33435.5996
       7.000      -33073.6739
       8.000      -32756.7781
       9.000      -32401.3246
      10.000      -32105.4484
      11.000      -31746.6581
      12.000      -31370.3019
      13.000      -30953.1620
      14.000      -30669.7417
      15.000      -30211.7700
      16.000      -29794.1591
      17.000      -29318.9243
      18.000      -28986.6614
      19.000      -28561.3967
      20.000      -28072.3233
      21.000      -27737.4469
      22.000      -27578.6494
      23.000      -27378.5496
      24.000      -27056.5571
      25.000      -26743.2954
      26.000      -26440.2040
      27.000      -26125.3480
      28.000      -25841.7607
      29.000      -25623.3020
      30.000      -25403.5329
      31.000      -25020.3182
      32.000      -24637.6449
      33.000      -24377.7780
      34.000      -24130.7570
      35.000      -23826.7935
      36.000      -23627.8764
      37.000      -23187.7239
      38.000      -23022.9213
      39.000      -22481.6181
      40.000      -22346.4966
      41.000      -22128.8323
      42.000      -22214.8766
      43.000      -22091.9395
      44.000      -22216.2966
      45.000      -22284.7491
      46.000      -22068.9730
      47.000      -22171.3510
      48.000      -22200.1133
      49.000      -22152.0203
      50.000      -22111.6604
      51.000      -22271.8305
      52.000      -22159.4430
      53.000      -22140.5469
      54.000      -22133.2151
      55.000      -22275.6982
      56.000      -22215.7371
      57.000      -22024.3651
      58.000      -22159.9101
      59.000      -22192.4675
      60.000      -22085.5225
      61.000      -22232.2435
      62.000      -22314.6986
      63.000      -22259.3394
      64.000      -22309.6456
      65.000      -22227.7741
      66.000      -22205.8729
      67.000      -21958.6730
      68.000      -22293.9498
      69.000      -22138.1656
      70.000      -22262.7115
      71.000      -22350.9746
      72.000      -22325.2814
      73.000      -22207.4837
      74.000      -22327.1832
      75.000      -22396.1975
      76.000      -22330.6740
      77.000      -22220.3953
      78.000      -22345.1888
      79.000      -22351.0258
      80.000      -22448.4934
      81.000      -22413.0118
      82.000      -22143.3334
      83.000      -22296.0253
      84.000      -22286.3028
      85.000      -22566.0256
      86.000      -22163.3558
      87.000      -22274.6327
      88.000      -22392.6624
      89.000      -22353.4419
      90.000      -22365.9413
      91.000      -22392.4604
      92.000      -22182.7435
      93.000      -22333.4299
      94.000      -22221.3215
      95.000      -22517.4551
      96.000      -22323.2880
      97.000      -22346.4591
      98.000      -22602.9984
      99.000      -22375.1742
     100.000      -22341.7858
     101.000      -22425.0070
     102.000      -22502.6966
     103.000      -22405.2723
     104.000      -22358.6475
     105.000      -22272.5219
     106.000      -22451.8556
     107.000      -22436.0486
     108.000      -22483.3366
     109.000      -22477.0714
     110.000      -22497.2201
     111.000      -22475.2264
     112.000      -22602.8961
     113.000      -22414.4423
     114.000      -22325.7001
     115.000      -22409.7200
     116.000      -22517.9044
     117.000      -22491.8553
     118.000      -22412.2744
     119.000      -22408.7438
     120.000      -22431.1170
     121.000      -22451.3353
     122.000      -22476.3023
     123.000      -22558.4266
     124.000      -22444.0842
     125.000      -22507.7024
     126.000      -22520.5863
     127.000      -22574.6080
     128.000      -22543.6581
     129.000      -22617.4382
     130.000      -22511.4687
     131.000      -22268.8530
     132.000      -22498.1485
     133.000      -22402.6198
     134.000      -22452.9312
     135.000      -22513.6177
     136.000      -22297.3299
     137.000      -22539.6386
     138.000      -22569.0765
     139.000      -22588.8439
     140.000      -22496.1857
