       0.000       0.00
       1.000      10.00
       2.000      19.78
       3.000      29.52
       4.000      39.51
       5.000      49.14
       6.000      58.97
       7.000      68.99
       8.000      79.33
       9.000      88.96
      10.000      98.42
      11.000     107.98
      12.000     118.25
      13.000     130.08
      14.000     137.33
      15.000     148.47
      16.000     160.91
      17.000     171.15
      18.000     180.07
      19.000     188.34
      20.000     196.59
      21.000     206.11
      22.000     204.92
      23.000     214.81
      24.000     215.86
      25.000     221.13
      26.000     229.88
      27.000     234.14
      28.000     241.40
      29.000     243.18
      30.000     246.95
      31.000     255.70
      32.000     258.58
      33.000     260.82
      34.000     263.66
      35.000     271.11
      36.000     274.72
      37.000     285.41
      38.000     289.65
      39.000     293.05
      40.000     295.72
      41.000     298.88
      42.000     297.77
      43.000     299.41
      44.000     303.26
      45.000     296.07
      46.000     305.01
      47.000     302.47
      48.000     299.33
      49.000     301.45
      50.000     301.44
      51.000     301.87
      52.000     300.97
      53.000     299.75
      54.000     301.09
      55.000     295.36
      56.000     294.77
      57.000     302.22
      58.000     298.45
      59.000     300.35
      60.000     302.38
      61.000     302.77
      62.000     299.37
      63.000     303.90
      64.000     299.19
      65.000     301.81
      66.000     300.85
      67.000     305.59
      68.000     298.07
      69.000     299.67
      70.000     303.12
      71.000     299.34
      72.000     298.64
      73.000     296.10
      74.000     297.99
      75.000     296.20
      76.000     299.78
      77.000     303.79
      78.000     301.31
      79.000     302.68
      80.000     299.28
      81.000     301.44
      82.000     300.84
      83.000     296.83
      84.000     304.03
      85.000     296.39
      86.000     303.13
      87.000     303.69
      88.000     301.66
      89.000     302.53
      90.000     300.39
      91.000     297.69
      92.000     306.10
      93.000     300.09
      94.000     306.13
      95.000     298.01
      96.000     298.91
      97.000     300.32
      98.000     293.86
      99.000     300.82
     100.000     302.37
     101.000     303.56
     102.000     294.35
     103.000     299.26
     104.000     300.20
     105.000     304.77
     106.000     306.09
     107.000     299.61
     108.000     297.20
     109.000     300.13
     110.000     297.95
     111.000     299.20
     112.000     296.69
     113.000     303.52
     114.000     302.48
     115.000     298.46
     116.000     293.73
     117.000     293.87
     118.000     303.07
     119.000     299.97
     120.000     302.48
     121.000     295.73
     122.000     299.83
     123.000     299.07
     124.000     300.76
     125.000     301.30
     126.000     300.80
     127.000     299.98
     128.000     298.80
     129.000     296.92
     130.000     304.07
     131.000     306.26
     132.000     295.61
     133.000     300.51
     134.000     298.12
     135.000     300.42
     136.000     303.31
     137.000     296.76
     138.000     299.10
     139.000     297.38
     140.000     300.10
