1			-3.0450E+04
5			-3.0625E+04
10			-3.1066E+04
15			-3.1894E+04
20			-3.3132E+04
25			-3.4737E+04
30			-3.5490E+04
35			-3.5927E+04
40			-3.6611E+04
45			-3.6930E+04
50			-3.7155E+04
55			-3.7388E+04
60			-3.7588E+04
65			-3.7845E+04
70			-3.7931E+04
75			-3.8087E+04
80			-3.8334E+04
85			-3.8455E+04
90			-3.8593E+04
95			-3.8714E+04
100			-3.8838E+04
105			-3.8896E+04
110			-3.9863E+04
115			-4.0264E+04
120			-4.0550E+04
125			-4.0907E+04
130			-4.0909E+04
135			-4.1038E+04
140			-4.1174E+04
145			-4.1398E+04
150			-4.1528E+04
155			-4.1532E+04
160			-4.1633E+04
165			-4.1754E+04
170			-4.1855E+04
175			-4.1946E+04
180			-4.1949E+04
185			-4.2024E+04
190			-4.2098E+04
195			-4.2181E+04
200			-4.2237E+04
205			-4.2239E+04
210			-4.2301E+04
215			-4.2353E+04
220			-4.2431E+04
225			-4.2476E+04
230			-4.2479E+04
235			-4.2534E+04
240			-4.2589E+04
245			-4.2641E+04
250			-4.2685E+04
255			-4.2687E+04
260			-4.2738E+04
265			-4.2766E+04
270			-4.2835E+04
275			-4.2870E+04
280			-4.2873E+04
285			-4.2918E+04
290			-4.2962E+04
295			-4.3001E+04
300			-4.3040E+04
305			-4.3042E+04
310			-4.3088E+04
315			-4.3112E+04
320			-4.3166E+04
325			-4.3193E+04
330			-4.3196E+04
335			-4.3232E+04
340			-4.3266E+04
345			-4.3299E+04
350			-4.3334E+04
355			-4.3336E+04
360			-4.3376E+04
365			-4.3395E+04
370			-4.3439E+04
375			-4.3461E+04
380			-4.3463E+04
385			-4.3492E+04
390			-4.3519E+04
395			-4.3547E+04
400			-4.3578E+04
405			-4.3580E+04
410			-4.3616E+04
415			-4.3632E+04
420			-4.3668E+04
425			-4.3686E+04
430			-4.3688E+04
435			-4.3712E+04
440			-4.3744E+04
445			-4.3762E+04
450			-4.3813E+04
455			-4.3815E+04
460			-4.3840E+04
465			-4.3852E+04
470			-4.3887E+04
475			-4.3910E+04
480			-4.3912E+04
485			-4.3939E+04
490			-4.3970E+04
495			-4.3982E+04
500			-4.4023E+04
500			-4.4023E+04
