1			-4.4072E+04
5			-4.4083E+04
10			-4.4105E+04
15			-4.4144E+04
20			-4.4177E+04
25			-4.4197E+04
30			-4.4207E+04
35			-4.4216E+04
40			-4.4226E+04
45			-4.4235E+04
50			-4.4242E+04
55			-4.4251E+04
60			-4.4259E+04
65			-4.4267E+04
70			-4.4274E+04
75			-4.4282E+04
80			-4.4290E+04
85			-4.4299E+04
90			-4.4303E+04
95			-4.4310E+04
100			-4.4317E+04
105			-4.4412E+04
110			-4.4551E+04
115			-4.4619E+04
120			-4.4664E+04
125			-4.4714E+04
130			-4.4716E+04
135			-4.4751E+04
140			-4.4803E+04
145			-4.4838E+04
150			-4.4867E+04
155			-4.4869E+04
160			-4.4881E+04
165			-4.4903E+04
170			-4.4925E+04
175			-4.4953E+04
180			-4.4955E+04
185			-4.4971E+04
190			-4.4991E+04
195			-4.5004E+04
200			-4.5019E+04
205			-4.5020E+04
210			-4.5033E+04
215			-4.5050E+04
220			-4.5064E+04
225			-4.5083E+04
230			-4.5085E+04
235			-4.5099E+04
240			-4.5113E+04
245			-4.5127E+04
250			-4.5142E+04
255			-4.5144E+04
260			-4.5153E+04
265			-4.5169E+04
270			-4.5180E+04
275			-4.5198E+04
280			-4.5200E+04
285			-4.5215E+04
290			-4.5231E+04
295			-4.5240E+04
300			-4.5250E+04
305			-4.5252E+04
310			-4.5261E+04
315			-4.5274E+04
320			-4.5284E+04
325			-4.5303E+04
330			-4.5305E+04
335			-4.5317E+04
340			-4.5329E+04
345			-4.5339E+04
350			-4.5351E+04
355			-4.5353E+04
360			-4.5363E+04
365			-4.5378E+04
370			-4.5385E+04
375			-4.5399E+04
380			-4.5401E+04
385			-4.5414E+04
390			-4.5425E+04
395			-4.5436E+04
400			-4.5446E+04
405			-4.5447E+04
410			-4.5457E+04
415			-4.5472E+04
420			-4.5477E+04
425			-4.5495E+04
430			-4.5498E+04
435			-4.5511E+04
440			-4.5521E+04
445			-4.5531E+04
450			-4.5540E+04
455			-4.5542E+04
460			-4.5549E+04
465			-4.5562E+04
470			-4.5568E+04
475			-4.5583E+04
480			-4.5585E+04
485			-4.5600E+04
490			-4.5612E+04
495			-4.5619E+04
500			-4.5626E+04
500			-4.5626E+04
