    5099.000  
    5199.000  
    5299.000  
    5399.000  
    5499.000  
    5599.000  
    5699.000  
    5799.000  
    5899.000  
    5999.000  
    6099.000  
    6199.000  
    6299.000  
    6399.000  
    6499.000  
    6599.000  
    6699.000  
    6799.000  
    6899.000  
    6999.000  
    7099.000  
    7199.000  
    7299.000  
    7399.000  
    7499.000  
    7599.000  
    7699.000  
    7799.000  
    7899.000  
    7999.000  
    8099.000  
    8199.000  
    8299.000  
    8399.000  
    8499.000  
    8599.000  
    8699.000  
    8799.000  
    8899.000  
    8999.000  
    9099.000  
    9199.000  
    9299.000  
    9399.000  
    9499.000  
    9599.000  
    9699.000  
    9799.000  
    9899.000  
    9999.000  
   10099.000  
   10199.000  
   10299.000  
   10399.000  
   10499.000  
   10599.000  
   10699.000  
   10799.000  
   10899.000  
   10999.000  
   11099.000  
   11199.000  
   11299.000  
   11399.000  
   11499.000  
   11599.000  
   11699.000  
   11799.000  
   11899.000  
   11999.000  
   12099.000  
   12199.000  
   12299.000  
   12399.000  
   12499.000  
   12599.000  
   12699.000  
   12799.000  
   12899.000  
   12999.000  
   13099.000  
   13199.000  
   13299.000  
   13399.000  
   13499.000  
   13599.000  
   13699.000  
   13799.000  
   13899.000  
   13999.000  
   14099.000  
   14199.000  
   14299.000  
   14399.000  
   14499.000  
   14599.000  
   14699.000  
   14799.000  
   14899.000  
   14999.000  
   15099.000  
   15199.000  
   15299.000  
   15399.000  
   15499.000  
   15599.000  
   15699.000  
   15799.000  
   15899.000  
   15999.000  
   16099.000  
   16199.000  
   16299.000  
   16399.000  
   16499.000  
   16599.000  
   16699.000  
   16799.000  
   16899.000  
   16999.000  
   17099.000  
   17199.000  
   17299.000  
   17399.000  
   17499.000  
   17599.000  
   17699.000  
   17799.000  
   17899.000  
   17999.000  
   18099.000  
   18199.000  
   18299.000  
   18399.000  
   18499.000  
   18599.000  
   18699.000  
   18799.000  
   18899.000  
   18999.000  
   19099.000  
   19199.000  
   19299.000  
   19399.000  
   19499.000  
   19599.000  
   19699.000  
   19799.000  
   19899.000  
   19999.000  
   20099.000  
   20199.000  
   20299.000  
   20399.000  
   20499.000  
   20599.000  
   20699.000  
   20799.000  
   20899.000  
   20999.000  
   21099.000  
   21199.000  
   21299.000  
   21399.000  
   21499.000  
   21599.000  
   21699.000  
   21799.000  
   21899.000  
   21999.000  
   22099.000  
   22199.000  
   22299.000  
   22399.000  
   22499.000  
   22599.000  
   22699.000  
   22799.000  
   22899.000  
   22999.000  
   23099.000  
   23199.000  
   23299.000  
   23399.000  
   23499.000  
   23599.000  
   23699.000  
   23799.000  
   23899.000  
   23999.000  
   24099.000  
   24199.000  
   24299.000  
   24399.000  
   24499.000  
   24599.000  
   24699.000  
   24799.000  
   24899.000  
   24999.000  
   25099.000  
   25199.000  
   25299.000  
   25399.000  
   25499.000  
   25599.000  
   25699.000  
   25799.000  
   25899.000  
   25999.000  
   26099.000  
   26199.000  
   26299.000  
   26399.000  
   26499.000  
   26599.000  
   26699.000  
   26799.000  
   26899.000  
   26999.000  
   27099.000  
   27199.000  
   27299.000  
   27399.000  
   27499.000  
   27599.000  
   27699.000  
   27799.000  
   27899.000  
   27999.000  
   28099.000  
   28199.000  
   28299.000  
   28399.000  
   28499.000  
   28599.000  
   28699.000  
   28799.000  
   28899.000  
   28999.000  
   29099.000  
   29199.000  
   29299.000  
   29399.000  
   29499.000  
   29599.000  
   29699.000  
   29799.000  
   29899.000  
   29999.000  
   30099.000  
   30199.000  
   30299.000  
   30399.000  
   30499.000  
   30599.000  
   30699.000  
   30799.000  
   30899.000  
   30999.000  
   31099.000  
   31199.000  
   31299.000  
   31399.000  
   31499.000  
   31599.000  
   31699.000  
   31799.000  
   31899.000  
   31999.000  
   32099.000  
   32199.000  
   32299.000  
   32399.000  
   32499.000  
   32599.000  
   32699.000  
   32799.000  
   32899.000  
   32999.000  
   33099.000  
   33199.000  
   33299.000  
   33399.000  
   33499.000  
   33599.000  
   33699.000  
   33799.000  
   33899.000  
   33999.000  
   34099.000  
   34199.000  
   34299.000  
   34399.000  
   34499.000  
   34599.000  
   34699.000  
   34799.000  
   34899.000  
   34999.000  
   35099.000  
   35199.000  
   35299.000  
   35399.000  
   35499.000  
   35599.000  
   35699.000  
   35799.000  
   35899.000  
   35999.000  
   36099.000  
   36199.000  
   36299.000  
   36399.000  
   36499.000  
   36599.000  
   36699.000  
   36799.000  
   36899.000  
   36999.000  
   37099.000  
   37199.000  
   37299.000  
   37399.000  
   37499.000  
   37599.000  
   37699.000  
   37799.000  
   37899.000  
   37999.000  
   38099.000  
   38199.000  
   38299.000  
   38399.000  
   38499.000  
   38599.000  
   38699.000  
   38799.000  
   38899.000  
   38999.000  
   39099.000  
   39199.000  
   39299.000  
   39399.000  
   39499.000  
   39599.000  
   39699.000  
   39799.000  
   39899.000  
   39999.000  
   40099.000  
   40199.000  
   40299.000  
   40399.000  
   40499.000  
   40599.000  
   40699.000  
   40799.000  
   40899.000  
   40999.000  
   41099.000  
   41199.000  
   41299.000  
   41399.000  
   41499.000  
   41599.000  
   41699.000  
   41799.000  
   41899.000  
   41999.000  
   42099.000  
   42199.000  
   42299.000  
   42399.000  
   42499.000  
   42599.000  
   42699.000  
   42799.000  
   42899.000  
   42999.000  
   43099.000  
   43199.000  
   43299.000  
   43399.000  
   43499.000  
   43599.000  
   43699.000  
   43799.000  
   43899.000  
   43999.000  
   44099.000  
   44199.000  
   44299.000  
   44399.000  
   44499.000  
   44599.000  
   44699.000  
   44799.000  
   44899.000  
   44999.000  
   45099.000  
   45199.000  
   45299.000  
   45399.000  
   45499.000  
   45599.000  
   45699.000  
   45799.000  
   45899.000  
   45999.000  
   46099.000  
   46199.000  
   46299.000  
   46399.000  
   46499.000  
   46599.000  
   46699.000  
   46799.000  
   46899.000  
   46999.000  
   47099.000  
   47199.000  
   47299.000  
   47399.000  
   47499.000  
   47599.000  
   47699.000  
   47799.000  
   47899.000  
   47999.000  
   48099.000  
   48199.000  
   48299.000  
   48399.000  
   48499.000  
   48599.000  
   48699.000  
   48799.000  
   48899.000  
   48999.000  
   49099.000  
   49199.000  
   49299.000  
   49399.000  
   49499.000  
   49599.000  
   49699.000  
   49799.000  
   49899.000  
   49999.000  
   50099.000  
   50199.000  
   50299.000  
   50399.000  
   50499.000  
   50599.000  
   50699.000  
   50799.000  
   50899.000  
   50999.000  
   51099.000  
   51199.000  
   51299.000  
   51399.000  
   51499.000  
   51599.000  
   51699.000  
   51799.000  
   51899.000  
   51999.000  
   52099.000  
   52199.000  
   52299.000  
   52399.000  
   52499.000  
   52599.000  
   52699.000  
   52799.000  
   52899.000  
   52999.000  
   53099.000  
   53199.000  
   53299.000  
   53399.000  
   53499.000  
   53599.000  
   53699.000  
   53799.000  
   53899.000  
   53999.000  
   54099.000  
   54199.000  
   54299.000  
   54399.000  
   54499.000  
   54599.000  
   54699.000  
   54799.000  
   54899.000  
   54999.000  
   55099.000  
   55199.000  
   55299.000  
   55399.000  
   55499.000  
   55599.000  
   55699.000  
   55799.000  
   55899.000  
   55999.000  
   56099.000  
   56199.000  
   56299.000  
   56399.000  
   56499.000  
   56599.000  
   56699.000  
   56799.000  
   56899.000  
   56999.000  
   57099.000  
   57199.000  
   57299.000  
   57399.000  
   57499.000  
   57599.000  
   57699.000  
   57799.000  
   57899.000  
   57999.000  
   58099.000  
   58199.000  
   58299.000  
   58399.000  
   58499.000  
   58599.000  
   58699.000  
   58799.000  
   58899.000  
   58999.000  
   59099.000  
   59199.000  
   59299.000  
   59399.000  
   59499.000  
   59599.000  
   59699.000  
   59799.000  
   59899.000  
   59999.000  
   60099.000  
   60199.000  
   60299.000  
   60399.000  
   60499.000  
   60599.000  
   60699.000  
   60799.000  
   60899.000  
   60999.000  
   61099.000  
   61199.000  
   61299.000  
   61399.000  
   61499.000  
   61599.000  
   61699.000  
   61799.000  
   61899.000  
   61999.000  
   62099.000  
   62199.000  
   62299.000  
   62399.000  
   62499.000  
   62599.000  
   62699.000  
   62799.000  
   62899.000  
   62999.000  
   63099.000  
   63199.000  
   63299.000  
   63399.000  
   63499.000  
   63599.000  
   63699.000  
   63799.000  
   63899.000  
   63999.000  
   64099.000  
   64199.000  
   64299.000  
   64399.000  
   64499.000  
   64599.000  
   64699.000  
   64799.000  
   64899.000  
   64999.000  
   65099.000  
   65199.000  
   65299.000  
   65399.000  
   65499.000  
   65599.000  
   65699.000  
   65799.000  
   65899.000  
   65999.000  
   66099.000  
   66199.000  
   66299.000  
   66399.000  
   66499.000  
   66599.000  
   66699.000  
   66799.000  
   66899.000  
   66999.000  
   67099.000  
   67199.000  
   67299.000  
   67399.000  
   67499.000  
   67599.000  
   67699.000  
   67799.000  
   67899.000  
   67999.000  
   68099.000  
   68199.000  
   68299.000  
   68399.000  
   68499.000  
   68599.000  
   68699.000  
   68799.000  
   68899.000  
   68999.000  
   69099.000  
   69199.000  
   69299.000  
   69399.000  
   69499.000  
   69599.000  
   69699.000  
   69799.000  
   69899.000  
   69999.000  
   70099.000  
   70199.000  
   70299.000  
   70399.000  
   70499.000  
   70599.000  
   70699.000  
   70799.000  
   70899.000  
   70999.000  
   71099.000  
   71199.000  
   71299.000  
   71399.000  
   71499.000  
   71599.000  
   71699.000  
   71799.000  
   71899.000  
   71999.000  
   72099.000  
   72199.000  
   72299.000  
   72399.000  
   72499.000  
   72599.000  
   72699.000  
   72799.000  
   72899.000  
   72999.000  
   73099.000  
   73199.000  
   73299.000  
   73399.000  
   73499.000  
   73599.000  
   73699.000  
   73799.000  
   73899.000  
   73999.000  
   74099.000  
   74199.000  
   74299.000  
   74399.000  
   74499.000  
   74599.000  
   74699.000  
   74799.000  
   74899.000  
   74999.000  
   75099.000  
   75199.000  
   75299.000  
   75399.000  
   75499.000  
   75599.000  
   75699.000  
   75799.000  
   75899.000  
   75999.000  
   76099.000  
   76199.000  
   76299.000  
   76399.000  
   76499.000  
   76599.000  
   76699.000  
   76799.000  
   76899.000  
   76999.000  
   77099.000  
   77199.000  
   77299.000  
   77399.000  
   77499.000  
   77599.000  
   77699.000  
   77799.000  
   77899.000  
   77999.000  
   78099.000  
   78199.000  
   78299.000  
   78399.000  
   78499.000  
   78599.000  
   78699.000  
   78799.000  
   78899.000  
   78999.000  
   79099.000  
   79199.000  
   79299.000  
   79399.000  
   79499.000  
   79599.000  
   79699.000  
   79799.000  
   79899.000  
   79999.000  
   80099.000  
   80199.000  
   80299.000  
   80399.000  
   80499.000  
   80599.000  
   80699.000  
   80799.000  
   80899.000  
   80999.000  
   81099.000  
   81199.000  
   81299.000  
   81399.000  
   81499.000  
   81599.000  
   81699.000  
   81799.000  
   81899.000  
   81999.000  
   82099.000  
   82199.000  
   82299.000  
   82399.000  
   82499.000  
   82599.000  
   82699.000  
   82799.000  
   82899.000  
   82999.000  
   83099.000  
   83199.000  
   83299.000  
   83399.000  
   83499.000  
   83599.000  
   83699.000  
   83799.000  
   83899.000  
   83999.000  
   84099.000  
   84199.000  
   84299.000  
   84399.000  
   84499.000  
   84599.000  
   84699.000  
   84799.000  
   84899.000  
   84999.000  
   85099.000  
   85199.000  
   85299.000  
   85399.000  
   85499.000  
   85599.000  
   85699.000  
   85799.000  
   85899.000  
   85999.000  
   86099.000  
   86199.000  
   86299.000  
   86399.000  
   86499.000  
   86599.000  
   86699.000  
   86799.000  
   86899.000  
   86999.000  
   87099.000  
   87199.000  
   87299.000  
   87399.000  
   87499.000  
   87599.000  
   87699.000  
   87799.000  
   87899.000  
   87999.000  
   88099.000  
   88199.000  
   88299.000  
   88399.000  
   88499.000  
   88599.000  
   88699.000  
   88799.000  
   88899.000  
   88999.000  
   89099.000  
   89199.000  
   89299.000  
   89399.000  
   89499.000  
   89599.000  
   89699.000  
   89799.000  
   89899.000  
   89999.000  
   90099.000  
   90199.000  
   90299.000  
   90399.000  
   90499.000  
   90599.000  
   90699.000  
   90799.000  
   90899.000  
   90999.000  
   91099.000  
   91199.000  
   91299.000  
   91399.000  
   91499.000  
   91599.000  
   91699.000  
   91799.000  
   91899.000  
   91999.000  
   92099.000  
   92199.000  
   92299.000  
   92399.000  
   92499.000  
   92599.000  
   92699.000  
   92799.000  
   92899.000  
   92999.000  
   93099.000  
   93199.000  
   93299.000  
   93399.000  
   93499.000  
   93599.000  
   93699.000  
   93799.000  
   93899.000  
   93999.000  
   94099.000  
   94199.000  
   94299.000  
   94399.000  
   94499.000  
   94599.000  
   94699.000  
   94799.000  
   94899.000  
   94999.000  
   95099.000  
   95199.000  
   95299.000  
   95399.000  
   95499.000  
   95599.000  
   95699.000  
   95799.000  
   95899.000  
   95999.000  
   96099.000  
   96199.000  
   96299.000  
   96399.000  
   96499.000  
   96599.000  
   96699.000  
   96799.000  
   96899.000  
   96999.000  
   97099.000  
   97199.000  
   97299.000  
   97399.000  
   97499.000  
   97599.000  
   97699.000  
   97799.000  
   97899.000  
   97999.000  
   98099.000  
   98199.000  
   98299.000  
   98399.000  
   98499.000  
   98599.000  
   98699.000  
   98799.000  
   98899.000  
   98999.000  
   99099.000  
   99199.000  
   99299.000  
   99399.000  
   99499.000  
   99599.000  
   99699.000  
   99799.000  
   99899.000  
   99999.000  
  100099.000  
  100199.000  
  100299.000  
  100399.000  
  100499.000  
  100599.000  
  100699.000  
  100799.000  
  100899.000  
  100999.000  
  101099.000  
  101199.000  
  101299.000  
  101399.000  
  101499.000  
  101599.000  
  101699.000  
  101799.000  
  101899.000  
  101999.000  
  102099.000  
  102199.000  
  102299.000  
  102399.000  
  102499.000  
  102599.000  
  102699.000  
  102799.000  
  102899.000  
  102999.000  
  103099.000  
  103199.000  
  103299.000  
  103399.000  
  103499.000  
  103599.000  
  103699.000  
  103799.000  
  103899.000  
  103999.000  
  104099.000  
  104199.000  
  104299.000  
  104399.000  
  104499.000  
  104599.000  
  104699.000  
  104799.000  
  104899.000  
  104999.000  
  105099.000  
  105199.000  
  105299.000  
  105399.000  
  105499.000  
  105599.000  
  105699.000  
  105799.000  
  105899.000  
  105999.000  
  106099.000  
  106199.000  
  106299.000  
  106399.000  
  106499.000  
  106599.000  
  106699.000  
  106799.000  
  106899.000  
  106999.000  
  107099.000  
  107199.000  
  107299.000  
  107399.000  
  107499.000  
  107599.000  
  107699.000  
  107799.000  
  107899.000  
  107999.000  
  108099.000  
  108199.000  
  108299.000  
  108399.000  
  108499.000  
  108599.000  
  108699.000  
  108799.000  
  108899.000  
  108999.000  
  109099.000  
  109199.000  
  109299.000  
  109399.000  
  109499.000  
  109599.000  
  109699.000  
  109799.000  
  109899.000  
  109999.000  
  110099.000  
  110199.000  
  110299.000  
  110399.000  
  110499.000  
  110599.000  
  110699.000  
  110799.000  
  110899.000  
  110999.000  
  111099.000  
  111199.000  
  111299.000  
  111399.000  
  111499.000  
  111599.000  
  111699.000  
  111799.000  
  111899.000  
  111999.000  
  112099.000  
  112199.000  
  112299.000  
  112399.000  
  112499.000  
  112599.000  
  112699.000  
  112799.000  
  112899.000  
  112999.000  
  113099.000  
  113199.000  
  113299.000  
  113399.000  
  113499.000  
  113599.000  
  113699.000  
  113799.000  
  113899.000  
  113999.000  
  114099.000  
  114199.000  
  114299.000  
  114399.000  
  114499.000  
  114599.000  
  114699.000  
  114799.000  
  114899.000  
  114999.000  
  115099.000  
  115199.000  
  115299.000  
  115399.000  
  115499.000  
  115599.000  
  115699.000  
  115799.000  
  115899.000  
  115999.000  
  116099.000  
  116199.000  
  116299.000  
  116399.000  
  116499.000  
  116599.000  
  116699.000  
  116799.000  
  116899.000  
  116999.000  
  117099.000  
  117199.000  
  117299.000  
  117399.000  
  117499.000  
  117599.000  
  117699.000  
  117799.000  
  117899.000  
  117999.000  
  118099.000  
  118199.000  
  118299.000  
  118399.000  
  118499.000  
  118599.000  
  118699.000  
  118799.000  
  118899.000  
  118999.000  
  119099.000  
  119199.000  
  119299.000  
  119399.000  
  119499.000  
  119599.000  
  119699.000  
  119799.000  
  119899.000  
  119999.000  
  120099.000  
  120199.000  
  120299.000  
  120399.000  
  120499.000  
  120599.000  
  120699.000  
  120799.000  
  120899.000  
  120999.000  
  121099.000  
  121199.000  
  121299.000  
  121399.000  
  121499.000  
  121599.000  
  121699.000  
  121799.000  
  121899.000  
  121999.000  
  122099.000  
  122199.000  
  122299.000  
  122399.000  
  122499.000  
  122599.000  
  122699.000  
  122799.000  
  122899.000  
  122999.000  
  123099.000  
  123199.000  
  123299.000  
  123399.000  
  123499.000  
  123599.000  
  123699.000  
  123799.000  
  123899.000  
  123999.000  
  124099.000  
  124199.000  
  124299.000  
  124399.000  
  124499.000  
  124599.000  
  124699.000  
  124799.000  
  124899.000  
  124999.000  
  125099.000  
  125199.000  
  125299.000  
  125399.000  
  125499.000  
  125599.000  
  125699.000  
  125799.000  
  125899.000  
  125999.000  
  126099.000  
  126199.000  
  126299.000  
  126399.000  
  126499.000  
  126599.000  
  126699.000  
  126799.000  
  126899.000  
  126999.000  
  127099.000  
  127199.000  
  127299.000  
  127399.000  
  127499.000  
  127599.000  
  127699.000  
  127799.000  
  127899.000  
  127999.000  
  128099.000  
  128199.000  
  128299.000  
  128399.000  
  128499.000  
  128599.000  
  128699.000  
  128799.000  
  128899.000  
  128999.000  
  129099.000  
  129199.000  
  129299.000  
  129399.000  
  129499.000  
  129599.000  
  129699.000  
  129799.000  
  129899.000  
  129999.000  
  130099.000  
  130199.000  
  130299.000  
  130399.000  
  130499.000  
  130599.000  
  130699.000  
  130799.000  
  130899.000  
  130999.000  
  131099.000  
  131199.000  
  131299.000  
  131399.000  
  131499.000  
  131599.000  
  131699.000  
  131799.000  
  131899.000  
  131999.000  
  132099.000  
  132199.000  
  132299.000  
  132399.000  
  132499.000  
  132599.000  
  132699.000  
  132799.000  
  132899.000  
  132999.000  
  133099.000  
  133199.000  
  133299.000  
  133399.000  
  133499.000  
  133599.000  
  133699.000  
  133799.000  
  133899.000  
  133999.000  
  134099.000  
  134199.000  
  134299.000  
  134399.000  
  134499.000  
  134599.000  
  134699.000  
  134799.000  
  134899.000  
  134999.000  
  135099.000  
  135199.000  
  135299.000  
  135399.000  
  135499.000  
  135599.000  
  135699.000  
  135799.000  
  135899.000  
  135999.000  
  136099.000  
  136199.000  
  136299.000  
  136399.000  
  136499.000  
  136599.000  
  136699.000  
  136799.000  
  136899.000  
  136999.000  
  137099.000  
  137199.000  
  137299.000  
  137399.000  
  137499.000  
  137599.000  
  137699.000  
  137799.000  
  137899.000  
  137999.000  
  138099.000  
  138199.000  
  138299.000  
  138399.000  
  138499.000  
  138599.000  
  138699.000  
  138799.000  
  138899.000  
  138999.000  
  139099.000  
  139199.000  
  139299.000  
  139399.000  
  139499.000  
  139599.000  
  139699.000  
  139799.000  
  139899.000  
  139999.000  
  140099.000  
  140199.000  
  140299.000  
  140399.000  
  140499.000  
  140599.000  
  140699.000  
  140799.000  
  140899.000  
  140999.000  
  141099.000  
  141199.000  
  141299.000  
  141399.000  
  141499.000  
  141599.000  
  141699.000  
  141799.000  
  141899.000  
  141999.000  
  142099.000  
  142199.000  
  142299.000  
  142399.000  
  142499.000  
  142599.000  
  142699.000  
  142799.000  
  142899.000  
  142999.000  
  143099.000  
  143199.000  
  143299.000  
  143399.000  
  143499.000  
  143599.000  
  143699.000  
  143799.000  
  143899.000  
  143999.000  
  144099.000  
  144199.000  
  144299.000  
  144399.000  
  144499.000  
  144599.000  
  144699.000  
  144799.000  
  144899.000  
  144999.000  
  145099.000  
  145199.000  
  145299.000  
  145399.000  
  145499.000  
  145599.000  
  145699.000  
  145799.000  
  145899.000  
  145999.000  
  146099.000  
  146199.000  
  146299.000  
  146399.000  
  146499.000  
  146599.000  
  146699.000  
  146799.000  
  146899.000  
  146999.000  
  147099.000  
  147199.000  
  147299.000  
  147399.000  
  147499.000  
  147599.000  
  147699.000  
  147799.000  
  147899.000  
  147999.000  
  148099.000  
  148199.000  
  148299.000  
  148399.000  
  148499.000  
  148599.000  
  148699.000  
  148799.000  
  148899.000  
  148999.000  
  149099.000  
  149199.000  
  149299.000  
  149399.000  
  149499.000  
  149599.000  
  149699.000  
  149799.000  
  149899.000  
  149999.000  
  150099.000  
  150199.000  
  150299.000  
  150399.000  
  150499.000  
  150599.000  
  150699.000  
  150799.000  
  150899.000  
  150999.000  
  151099.000  
  151199.000  
  151299.000  
  151399.000  
  151499.000  
  151599.000  
  151699.000  
  151799.000  
  151899.000  
  151999.000  
  152099.000  
  152199.000  
  152299.000  
  152399.000  
  152499.000  
  152599.000  
  152699.000  
  152799.000  
  152899.000  
  152999.000  
  153099.000  
  153199.000  
  153299.000  
  153399.000  
  153499.000  
  153599.000  
  153699.000  
  153799.000  
  153899.000  
  153999.000  
  154099.000  
  154199.000  
  154299.000  
  154399.000  
  154499.000  
  154599.000  
  154699.000  
  154799.000  
  154899.000  
  154999.000  
  155099.000  
  155199.000  
  155299.000  
  155399.000  
  155499.000  
  155599.000  
  155699.000  
  155799.000  
  155899.000  
  155999.000  
  156099.000  
  156199.000  
  156299.000  
  156399.000  
  156499.000  
  156599.000  
  156699.000  
  156799.000  
  156899.000  
  156999.000  
  157099.000  
  157199.000  
  157299.000  
  157399.000  
  157499.000  
  157599.000  
  157699.000  
  157799.000  
  157899.000  
  157999.000  
  158099.000  
  158199.000  
  158299.000  
  158399.000  
  158499.000  
  158599.000  
  158699.000  
  158799.000  
  158899.000  
  158999.000  
  159099.000  
  159199.000  
  159299.000  
  159399.000  
  159499.000  
  159599.000  
  159699.000  
  159799.000  
  159899.000  
  159999.000  
  160099.000  
  160199.000  
  160299.000  
  160399.000  
  160499.000  
  160599.000  
  160699.000  
  160799.000  
  160899.000  
  160999.000  
  161099.000  
  161199.000  
  161299.000  
  161399.000  
  161499.000  
  161599.000  
  161699.000  
  161799.000  
  161899.000  
  161999.000  
  162099.000  
  162199.000  
  162299.000  
  162399.000  
  162499.000  
  162599.000  
  162699.000  
  162799.000  
  162899.000  
  162999.000  
  163099.000  
  163199.000  
  163299.000  
  163399.000  
  163499.000  
  163599.000  
  163699.000  
  163799.000  
  163899.000  
  163999.000  
  164099.000  
  164199.000  
  164299.000  
  164399.000  
  164499.000  
  164599.000  
  164699.000  
  164799.000  
  164899.000  
  164999.000  
  165099.000  
  165199.000  
  165299.000  
  165399.000  
  165499.000  
  165599.000  
  165699.000  
  165799.000  
  165899.000  
  165999.000  
  166099.000  
  166199.000  
  166299.000  
  166399.000  
  166499.000  
  166599.000  
  166699.000  
  166799.000  
  166899.000  
  166999.000  
  167099.000  
  167199.000  
  167299.000  
  167399.000  
  167499.000  
  167599.000  
  167699.000  
  167799.000  
  167899.000  
  167999.000  
  168099.000  
  168199.000  
  168299.000  
  168399.000  
  168499.000  
  168599.000  
  168699.000  
  168799.000  
  168899.000  
  168999.000  
  169099.000  
  169199.000  
  169299.000  
  169399.000  
  169499.000  
  169599.000  
  169699.000  
  169799.000  
  169899.000  
  169999.000  
  170099.000  
  170199.000  
  170299.000  
  170399.000  
  170499.000  
  170599.000  
  170699.000  
  170799.000  
  170899.000  
  170999.000  
  171099.000  
  171199.000  
  171299.000  
  171399.000  
  171499.000  
  171599.000  
  171699.000  
  171799.000  
  171899.000  
  171999.000  
  172099.000  
  172199.000  
  172299.000  
  172399.000  
  172499.000  
  172599.000  
  172699.000  
  172799.000  
  172899.000  
  172999.000  
  173099.000  
  173199.000  
  173299.000  
  173399.000  
  173499.000  
  173599.000  
  173699.000  
  173799.000  
  173899.000  
  173999.000  
  174099.000  
  174199.000  
  174299.000  
  174399.000  
  174499.000  
  174599.000  
  174699.000  
  174799.000  
  174899.000  
  174999.000  
  175099.000  
  175199.000  
  175299.000  
  175399.000  
  175499.000  
  175599.000  
  175699.000  
  175799.000  
  175899.000  
  175999.000  
  176099.000  
  176199.000  
  176299.000  
  176399.000  
  176499.000  
  176599.000  
  176699.000  
  176799.000  
  176899.000  
  176999.000  
  177099.000  
  177199.000  
  177299.000  
  177399.000  
  177499.000  
  177599.000  
  177699.000  
  177799.000  
  177899.000  
  177999.000  
  178099.000  
  178199.000  
  178299.000  
  178399.000  
  178499.000  
  178599.000  
  178699.000  
  178799.000  
  178899.000  
  178999.000  
  179099.000  
  179199.000  
  179299.000  
  179399.000  
  179499.000  
  179599.000  
  179699.000  
  179799.000  
  179899.000  
  179999.000  
  180099.000  
  180199.000  
  180299.000  
  180399.000  
  180499.000  
  180599.000  
  180699.000  
  180799.000  
  180899.000  
  180999.000  
  181099.000  
  181199.000  
  181299.000  
  181399.000  
  181499.000  
  181599.000  
  181699.000  
  181799.000  
  181899.000  
  181999.000  
  182099.000  
  182199.000  
  182299.000  
  182399.000  
  182499.000  
  182599.000  
  182699.000  
  182799.000  
  182899.000  
  182999.000  
  183099.000  
  183199.000  
  183299.000  
  183399.000  
  183499.000  
  183599.000  
  183699.000  
  183799.000  
  183899.000  
  183999.000  
  184099.000  
  184199.000  
  184299.000  
  184399.000  
  184499.000  
  184599.000  
  184699.000  
  184799.000  
  184899.000  
  184999.000  
  185099.000  
  185199.000  
  185299.000  
  185399.000  
  185499.000  
  185599.000  
  185699.000  
  185799.000  
  185899.000  
  185999.000  
  186099.000  
  186199.000  
  186299.000  
  186399.000  
  186499.000  
  186599.000  
  186699.000  
  186799.000  
  186899.000  
  186999.000  
  187099.000  
  187199.000  
  187299.000  
  187399.000  
  187499.000  
  187599.000  
  187699.000  
  187799.000  
  187899.000  
  187999.000  
  188099.000  
  188199.000  
  188299.000  
  188399.000  
  188499.000  
  188599.000  
  188699.000  
  188799.000  
  188899.000  
  188999.000  
  189099.000  
  189199.000  
  189299.000  
  189399.000  
  189499.000  
  189599.000  
  189699.000  
  189799.000  
  189899.000  
  189999.000  
  190099.000  
  190199.000  
  190299.000  
  190399.000  
  190499.000  
  190599.000  
  190699.000  
  190799.000  
  190899.000  
  190999.000  
  191099.000  
  191199.000  
  191299.000  
  191399.000  
  191499.000  
  191599.000  
  191699.000  
  191799.000  
  191899.000  
  191999.000  
  192099.000  
  192199.000  
  192299.000  
  192399.000  
  192499.000  
  192599.000  
  192699.000  
  192799.000  
  192899.000  
  192999.000  
  193099.000  
  193199.000  
  193299.000  
  193399.000  
  193499.000  
  193599.000  
  193699.000  
  193799.000  
  193899.000  
  193999.000  
  194099.000  
  194199.000  
  194299.000  
  194399.000  
  194499.000  
  194599.000  
  194699.000  
  194799.000  
  194899.000  
  194999.000  
  195099.000  
  195199.000  
  195299.000  
  195399.000  
  195499.000  
  195599.000  
  195699.000  
  195799.000  
  195899.000  
  195999.000  
  196099.000  
  196199.000  
  196299.000  
  196399.000  
  196499.000  
  196599.000  
  196699.000  
  196799.000  
  196899.000  
  196999.000  
  197099.000  
  197199.000  
  197299.000  
  197399.000  
  197499.000  
  197599.000  
  197699.000  
  197799.000  
  197899.000  
  197999.000  
  198099.000  
  198199.000  
  198299.000  
  198399.000  
  198499.000  
  198599.000  
  198699.000  
  198799.000  
  198899.000  
  198999.000  
  199099.000  
  199199.000  
  199299.000  
  199399.000  
  199499.000  
  199599.000  
  199699.000  
  199799.000  
  199899.000  
  199999.000  
  200099.000  
  200199.000  
  200299.000  
  200399.000  
  200499.000  
  200599.000  
  200699.000  
  200799.000  
  200899.000  
  200999.000  
  201099.000  
  201199.000  
  201299.000  
  201399.000  
  201499.000  
  201599.000  
  201699.000  
  201799.000  
  201899.000  
  201999.000  
  202099.000  
  202199.000  
  202299.000  
  202399.000  
  202499.000  
  202599.000  
  202699.000  
  202799.000  
  202899.000  
  202999.000  
  203099.000  
  203199.000  
  203299.000  
  203399.000  
  203499.000  
  203599.000  
  203699.000  
  203799.000  
  203899.000  
  203999.000  
  204099.000  
  204199.000  
  204299.000  
  204399.000  
  204499.000  
  204599.000  
  204699.000  
  204799.000  
  204899.000  
  204999.000  
  205099.000  
  205199.000  
  205299.000  
  205399.000  
  205499.000  
  205599.000  
  205699.000  
  205799.000  
  205899.000  
  205999.000  
  206099.000  
  206199.000  
  206299.000  
  206399.000  
  206499.000  
  206599.000  
  206699.000  
  206799.000  
  206899.000  
  206999.000  
  207099.000  
  207199.000  
  207299.000  
  207399.000  
  207499.000  
  207599.000  
  207699.000  
  207799.000  
  207899.000  
  207999.000  
  208099.000  
  208199.000  
  208299.000  
  208399.000  
  208499.000  
  208599.000  
  208699.000  
  208799.000  
  208899.000  
  208999.000  
  209099.000  
  209199.000  
  209299.000  
  209399.000  
  209499.000  
  209599.000  
  209699.000  
  209799.000  
  209899.000  
  209999.000  
  210099.000  
  210199.000  
  210299.000  
  210399.000  
  210499.000  
  210599.000  
  210699.000  
  210799.000  
  210899.000  
  210999.000  
  211099.000  
  211199.000  
  211299.000  
  211399.000  
  211499.000  
  211599.000  
  211699.000  
  211799.000  
  211899.000  
  211999.000  
  212099.000  
  212199.000  
  212299.000  
  212399.000  
  212499.000  
  212599.000  
  212699.000  
  212799.000  
  212899.000  
  212999.000  
  213099.000  
  213199.000  
  213299.000  
  213399.000  
  213499.000  
  213599.000  
  213699.000  
  213799.000  
  213899.000  
  213999.000  
  214099.000  
  214199.000  
  214299.000  
  214399.000  
  214499.000  
  214599.000  
  214699.000  
  214799.000  
  214899.000  
  214999.000  
  215099.000  
  215199.000  
  215299.000  
  215399.000  
  215499.000  
  215599.000  
  215699.000  
  215799.000  
  215899.000  
  215999.000  
  216099.000  
  216199.000  
  216299.000  
  216399.000  
  216499.000  
  216599.000  
  216699.000  
  216799.000  
  216899.000  
  216999.000  
  217099.000  
  217199.000  
  217299.000  
  217399.000  
  217499.000  
  217599.000  
  217699.000  
  217799.000  
  217899.000  
  217999.000  
  218099.000  
  218199.000  
  218299.000  
  218399.000  
  218499.000  
  218599.000  
  218699.000  
  218799.000  
  218899.000  
  218999.000  
  219099.000  
  219199.000  
  219299.000  
  219399.000  
  219499.000  
  219599.000  
  219699.000  
  219799.000  
  219899.000  
  219999.000  
  220099.000  
  220199.000  
  220299.000  
  220399.000  
  220499.000  
  220599.000  
  220699.000  
  220799.000  
  220899.000  
  220999.000  
  221099.000  
  221199.000  
  221299.000  
  221399.000  
  221499.000  
  221599.000  
  221699.000  
  221799.000  
  221899.000  
  221999.000  
  222099.000  
  222199.000  
  222299.000  
  222399.000  
  222499.000  
  222599.000  
  222699.000  
  222799.000  
  222899.000  
  222999.000  
  223099.000  
  223199.000  
  223299.000  
  223399.000  
  223499.000  
  223599.000  
  223699.000  
  223799.000  
  223899.000  
  223999.000  
  224099.000  
  224199.000  
  224299.000  
  224399.000  
  224499.000  
  224599.000  
  224699.000  
  224799.000  
  224899.000  
  224999.000  
  225099.000  
  225199.000  
  225299.000  
  225399.000  
  225499.000  
  225599.000  
  225699.000  
  225799.000  
  225899.000  
  225999.000  
  226099.000  
  226199.000  
  226299.000  
  226399.000  
  226499.000  
  226599.000  
  226699.000  
  226799.000  
  226899.000  
  226999.000  
  227099.000  
  227199.000  
  227299.000  
  227399.000  
  227499.000  
  227599.000  
  227699.000  
  227799.000  
  227899.000  
  227999.000  
  228099.000  
  228199.000  
  228299.000  
  228399.000  
  228499.000  
  228599.000  
  228699.000  
  228799.000  
  228899.000  
  228999.000  
  229099.000  
  229199.000  
  229299.000  
  229399.000  
  229499.000  
  229599.000  
  229699.000  
  229799.000  
  229899.000  
  229999.000  
  230099.000  
  230199.000  
  230299.000  
  230399.000  
  230499.000  
  230599.000  
  230699.000  
  230799.000  
  230899.000  
  230999.000  
  231099.000  
  231199.000  
  231299.000  
  231399.000  
  231499.000  
  231599.000  
  231699.000  
  231799.000  
  231899.000  
  231999.000  
  232099.000  
  232199.000  
  232299.000  
  232399.000  
  232499.000  
  232599.000  
  232699.000  
  232799.000  
  232899.000  
  232999.000  
  233099.000  
  233199.000  
  233299.000  
  233399.000  
  233499.000  
  233599.000  
  233699.000  
  233799.000  
  233899.000  
  233999.000  
  234099.000  
  234199.000  
  234299.000  
  234399.000  
  234499.000  
  234599.000  
  234699.000  
  234799.000  
  234899.000  
  234999.000  
  235099.000  
  235199.000  
  235299.000  
  235399.000  
  235499.000  
  235599.000  
  235699.000  
  235799.000  
  235899.000  
  235999.000  
  236099.000  
  236199.000  
  236299.000  
  236399.000  
  236499.000  
  236599.000  
  236699.000  
  236799.000  
  236899.000  
  236999.000  
  237099.000  
  237199.000  
  237299.000  
  237399.000  
  237499.000  
  237599.000  
  237699.000  
  237799.000  
  237899.000  
  237999.000  
  238099.000  
  238199.000  
  238299.000  
  238399.000  
  238499.000  
  238599.000  
  238699.000  
  238799.000  
  238899.000  
  238999.000  
  239099.000  
  239199.000  
  239299.000  
  239399.000  
  239499.000  
  239599.000  
  239699.000  
  239799.000  
  239899.000  
  239999.000  
  240099.000  
  240199.000  
  240299.000  
  240399.000  
  240499.000  
  240599.000  
  240699.000  
  240799.000  
  240899.000  
  240999.000  
  241099.000  
  241199.000  
  241299.000  
  241399.000  
  241499.000  
  241599.000  
  241699.000  
  241799.000  
  241899.000  
  241999.000  
  242099.000  
  242199.000  
  242299.000  
  242399.000  
  242499.000  
  242599.000  
  242699.000  
  242799.000  
  242899.000  
  242999.000  
  243099.000  
  243199.000  
  243299.000  
  243399.000  
  243499.000  
  243599.000  
  243699.000  
  243799.000  
  243899.000  
  243999.000  
  244099.000  
  244199.000  
  244299.000  
  244399.000  
  244499.000  
  244599.000  
  244699.000  
  244799.000  
  244899.000  
  244999.000  
  245099.000  
  245199.000  
  245299.000  
  245399.000  
  245499.000  
  245599.000  
  245699.000  
  245799.000  
  245899.000  
  245999.000  
  246099.000  
  246199.000  
  246299.000  
  246399.000  
  246499.000  
  246599.000  
  246699.000  
  246799.000  
  246899.000  
  246999.000  
  247099.000  
  247199.000  
  247299.000  
  247399.000  
  247499.000  
  247599.000  
  247699.000  
  247799.000  
  247899.000  
  247999.000  
  248099.000  
  248199.000  
  248299.000  
  248399.000  
  248499.000  
  248599.000  
  248699.000  
  248799.000  
  248899.000  
  248999.000  
  249099.000  
  249199.000  
  249299.000  
  249399.000  
  249499.000  
  249599.000  
  249699.000  
  249799.000  
  249899.000  
  249999.000  
  250099.000  
  250199.000  
  250299.000  
  250399.000  
  250499.000  
  250599.000  
  250699.000  
  250799.000  
  250899.000  
  250999.000  
  251099.000  
  251199.000  
  251299.000  
  251399.000  
  251499.000  
  251599.000  
  251699.000  
  251799.000  
  251899.000  
  251999.000  
  252099.000  
  252199.000  
  252299.000  
  252399.000  
  252499.000  
  252599.000  
  252699.000  
  252799.000  
  252899.000  
  252999.000  
  253099.000  
  253199.000  
  253299.000  
  253399.000  
  253499.000  
  253599.000  
  253699.000  
  253799.000  
  253899.000  
  253999.000  
  254099.000  
  254199.000  
  254299.000  
  254399.000  
  254499.000  
  254599.000  
  254699.000  
  254799.000  
  254899.000  
  254999.000  
  255099.000  
  255199.000  
  255299.000  
  255399.000  
  255499.000  
  255599.000  
  255699.000  
  255799.000  
  255899.000  
  255999.000  
  256099.000  
  256199.000  
  256299.000  
  256399.000  
  256499.000  
  256599.000  
  256699.000  
  256799.000  
  256899.000  
  256999.000  
  257099.000  
  257199.000  
  257299.000  
  257399.000  
  257499.000  
  257599.000  
  257699.000  
  257799.000  
  257899.000  
  257999.000  
  258099.000  
  258199.000  
  258299.000  
  258399.000  
  258499.000  
  258599.000  
  258699.000  
  258799.000  
  258899.000  
  258999.000  
  259099.000  
  259199.000  
  259299.000  
  259399.000  
  259499.000  
  259599.000  
  259699.000  
  259799.000  
  259899.000  
  259999.000  
  260099.000  
  260199.000  
  260299.000  
  260399.000  
  260499.000  
  260599.000  
  260699.000  
  260799.000  
  260899.000  
  260999.000  
  261099.000  
  261199.000  
  261299.000  
  261399.000  
  261499.000  
  261599.000  
  261699.000  
  261799.000  
  261899.000  
  261999.000  
  262099.000  
  262199.000  
  262299.000  
  262399.000  
  262499.000  
  262599.000  
  262699.000  
  262799.000  
  262899.000  
  262999.000  
  263099.000  
  263199.000  
  263299.000  
  263399.000  
  263499.000  
  263599.000  
  263699.000  
  263799.000  
  263899.000  
  263999.000  
  264099.000  
  264199.000  
  264299.000  
  264399.000  
  264499.000  
  264599.000  
  264699.000  
  264799.000  
  264899.000  
  264999.000  
  265099.000  
  265199.000  
  265299.000  
  265399.000  
  265499.000  
  265599.000  
  265699.000  
  265799.000  
  265899.000  
  265999.000  
  266099.000  
  266199.000  
  266299.000  
  266399.000  
  266499.000  
  266599.000  
  266699.000  
  266799.000  
  266899.000  
  266999.000  
  267099.000  
  267199.000  
  267299.000  
  267399.000  
  267499.000  
  267599.000  
  267699.000  
  267799.000  
  267899.000  
  267999.000  
  268099.000  
  268199.000  
  268299.000  
  268399.000  
  268499.000  
  268599.000  
  268699.000  
  268799.000  
  268899.000  
  268999.000  
  269099.000  
  269199.000  
  269299.000  
  269399.000  
  269499.000  
  269599.000  
  269699.000  
  269799.000  
  269899.000  
  269999.000  
  270099.000  
  270199.000  
  270299.000  
  270399.000  
  270499.000  
  270599.000  
  270699.000  
  270799.000  
  270899.000  
  270999.000  
  271099.000  
  271199.000  
  271299.000  
  271399.000  
  271499.000  
  271599.000  
  271699.000  
  271799.000  
  271899.000  
  271999.000  
  272099.000  
  272199.000  
  272299.000  
  272399.000  
  272499.000  
  272599.000  
  272699.000  
  272799.000  
  272899.000  
  272999.000  
  273099.000  
  273199.000  
  273299.000  
  273399.000  
  273499.000  
  273599.000  
  273699.000  
  273799.000  
  273899.000  
  273999.000  
  274099.000  
  274199.000  
  274299.000  
  274399.000  
  274499.000  
  274599.000  
  274699.000  
  274799.000  
  274899.000  
  274999.000  
  275099.000  
  275199.000  
  275299.000  
  275399.000  
  275499.000  
  275599.000  
  275699.000  
  275799.000  
  275899.000  
  275999.000  
  276099.000  
  276199.000  
  276299.000  
  276399.000  
  276499.000  
  276599.000  
  276699.000  
  276799.000  
  276899.000  
  276999.000  
  277099.000  
  277199.000  
  277299.000  
  277399.000  
  277499.000  
  277599.000  
  277699.000  
  277799.000  
  277899.000  
  277999.000  
  278099.000  
  278199.000  
  278299.000  
  278399.000  
  278499.000  
  278599.000  
  278699.000  
  278799.000  
  278899.000  
  278999.000  
  279099.000  
  279199.000  
  279299.000  
  279399.000  
  279499.000  
  279599.000  
  279699.000  
  279799.000  
  279899.000  
  279999.000  
  280099.000  
  280199.000  
  280299.000  
  280399.000  
  280499.000  
  280599.000  
  280699.000  
  280799.000  
  280899.000  
  280999.000  
  281099.000  
  281199.000  
  281299.000  
  281399.000  
  281499.000  
  281599.000  
  281699.000  
  281799.000  
  281899.000  
  281999.000  
  282099.000  
  282199.000  
  282299.000  
  282399.000  
  282499.000  
  282599.000  
  282699.000  
  282799.000  
  282899.000  
  282999.000  
  283099.000  
  283199.000  
  283299.000  
  283399.000  
  283499.000  
  283599.000  
  283699.000  
  283799.000  
  283899.000  
  283999.000  
  284099.000  
  284199.000  
  284299.000  
  284399.000  
  284499.000  
  284599.000  
  284699.000  
  284799.000  
  284899.000  
  284999.000  
  285099.000  
  285199.000  
  285299.000  
  285399.000  
  285499.000  
  285599.000  
  285699.000  
  285799.000  
  285899.000  
  285999.000  
  286099.000  
  286199.000  
  286299.000  
  286399.000  
  286499.000  
  286599.000  
  286699.000  
  286799.000  
  286899.000  
  286999.000  
  287099.000  
  287199.000  
  287299.000  
  287399.000  
  287499.000  
  287599.000  
  287699.000  
  287799.000  
  287899.000  
  287999.000  
  288099.000  
  288199.000  
  288299.000  
  288399.000  
  288499.000  
  288599.000  
  288699.000  
  288799.000  
  288899.000  
  288999.000  
  289099.000  
  289199.000  
  289299.000  
  289399.000  
  289499.000  
  289599.000  
  289699.000  
  289799.000  
  289899.000  
  289999.000  
  290099.000  
  290199.000  
  290299.000  
  290399.000  
  290499.000  
  290599.000  
  290699.000  
  290799.000  
  290899.000  
  290999.000  
  291099.000  
  291199.000  
  291299.000  
  291399.000  
  291499.000  
  291599.000  
  291699.000  
  291799.000  
  291899.000  
  291999.000  
  292099.000  
  292199.000  
  292299.000  
  292399.000  
  292499.000  
  292599.000  
  292699.000  
  292799.000  
  292899.000  
  292999.000  
  293099.000  
  293199.000  
  293299.000  
  293399.000  
  293499.000  
  293599.000  
  293699.000  
  293799.000  
  293899.000  
  293999.000  
  294099.000  
  294199.000  
  294299.000  
  294399.000  
  294499.000  
  294599.000  
  294699.000  
  294799.000  
  294899.000  
  294999.000  
  295099.000  
  295199.000  
  295299.000  
  295399.000  
  295499.000  
  295599.000  
  295699.000  
  295799.000  
  295899.000  
  295999.000  
  296099.000  
  296199.000  
  296299.000  
  296399.000  
  296499.000  
  296599.000  
  296699.000  
  296799.000  
  296899.000  
  296999.000  
  297099.000  
  297199.000  
  297299.000  
  297399.000  
  297499.000  
  297599.000  
  297699.000  
  297799.000  
  297899.000  
  297999.000  
  298099.000  
  298199.000  
  298299.000  
  298399.000  
  298499.000  
  298599.000  
  298699.000  
  298799.000  
  298899.000  
  298999.000  
  299099.000  
  299199.000  
  299299.000  
  299399.000  
  299499.000  
  299599.000  
  299699.000  
  299799.000  
  299899.000  
  299999.000  
  300099.000  
  300199.000  
  300299.000  
  300399.000  
  300499.000  
  300599.000  
  300699.000  
  300799.000  
  300899.000  
  300999.000  
  301099.000  
  301199.000  
  301299.000  
  301399.000  
  301499.000  
  301599.000  
  301699.000  
  301799.000  
  301899.000  
  301999.000  
  302099.000  
  302199.000  
  302299.000  
  302399.000  
  302499.000  
  302599.000  
  302699.000  
  302799.000  
  302899.000  
  302999.000  
  303099.000  
  303199.000  
  303299.000  
  303399.000  
  303499.000  
  303599.000  
  303699.000  
  303799.000  
  303899.000  
  303999.000  
  304099.000  
  304199.000  
  304299.000  
  304399.000  
  304499.000  
  304599.000  
  304699.000  
  304799.000  
  304899.000  
  304999.000  
  305099.000  
  305199.000  
  305299.000  
  305399.000  
  305499.000  
  305599.000  
  305699.000  
  305799.000  
  305899.000  
  305999.000  
  306099.000  
  306199.000  
  306299.000  
  306399.000  
  306499.000  
  306599.000  
  306699.000  
  306799.000  
  306899.000  
  306999.000  
  307099.000  
  307199.000  
  307299.000  
  307399.000  
  307499.000  
  307599.000  
  307699.000  
  307799.000  
  307899.000  
  307999.000  
  308099.000  
  308199.000  
  308299.000  
  308399.000  
  308499.000  
  308599.000  
  308699.000  
  308799.000  
  308899.000  
  308999.000  
  309099.000  
  309199.000  
  309299.000  
  309399.000  
  309499.000  
  309599.000  
  309699.000  
  309799.000  
  309899.000  
  309999.000  
  310099.000  
  310199.000  
  310299.000  
  310399.000  
  310499.000  
  310599.000  
  310699.000  
  310799.000  
  310899.000  
  310999.000  
  311099.000  
  311199.000  
  311299.000  
  311399.000  
  311499.000  
  311599.000  
  311699.000  
  311799.000  
  311899.000  
  311999.000  
  312099.000  
  312199.000  
  312299.000  
  312399.000  
  312499.000  
  312599.000  
  312699.000  
  312799.000  
  312899.000  
  312999.000  
  313099.000  
  313199.000  
  313299.000  
  313399.000  
  313499.000  
  313599.000  
  313699.000  
  313799.000  
  313899.000  
  313999.000  
  314099.000  
  314199.000  
  314299.000  
  314399.000  
  314499.000  
  314599.000  
  314699.000  
  314799.000  
  314899.000  
  314999.000  
  315099.000  
  315199.000  
  315299.000  
  315399.000  
  315499.000  
  315599.000  
  315699.000  
  315799.000  
  315899.000  
  315999.000  
  316099.000  
  316199.000  
  316299.000  
  316399.000  
  316499.000  
  316599.000  
  316699.000  
  316799.000  
  316899.000  
  316999.000  
  317099.000  
  317199.000  
  317299.000  
  317399.000  
  317499.000  
  317599.000  
  317699.000  
  317799.000  
  317899.000  
  317999.000  
  318099.000  
  318199.000  
  318299.000  
  318399.000  
  318499.000  
  318599.000  
  318699.000  
  318799.000  
  318899.000  
  318999.000  
  319099.000  
  319199.000  
  319299.000  
  319399.000  
  319499.000  
  319599.000  
  319699.000  
  319799.000  
  319899.000  
  319999.000  
  320099.000  
  320199.000  
  320299.000  
  320399.000  
  320499.000  
  320599.000  
  320699.000  
  320799.000  
  320899.000  
  320999.000  
  321099.000  
  321199.000  
  321299.000  
  321399.000  
  321499.000  
  321599.000  
  321699.000  
  321799.000  
  321899.000  
  321999.000  
  322099.000  
  322199.000  
  322299.000  
  322399.000  
  322499.000  
  322599.000  
  322699.000  
  322799.000  
  322899.000  
  322999.000  
  323099.000  
  323199.000  
  323299.000  
  323399.000  
  323499.000  
  323599.000  
  323699.000  
  323799.000  
  323899.000  
  323999.000  
  324099.000  
  324199.000  
  324299.000  
  324399.000  
  324499.000  
  324599.000  
  324699.000  
  324799.000  
  324899.000  
  324999.000  
  325099.000  
  325199.000  
  325299.000  
  325399.000  
  325499.000  
  325599.000  
  325699.000  
  325799.000  
  325899.000  
  325999.000  
  326099.000  
  326199.000  
  326299.000  
  326399.000  
  326499.000  
  326599.000  
  326699.000  
  326799.000  
  326899.000  
  326999.000  
  327099.000  
  327199.000  
  327299.000  
  327399.000  
  327499.000  
  327599.000  
  327699.000  
  327799.000  
  327899.000  
  327999.000  
  328099.000  
  328199.000  
  328299.000  
  328399.000  
  328499.000  
  328599.000  
  328699.000  
  328799.000  
  328899.000  
  328999.000  
  329099.000  
  329199.000  
  329299.000  
  329399.000  
  329499.000  
  329599.000  
  329699.000  
  329799.000  
  329899.000  
  329999.000  
  330099.000  
  330199.000  
  330299.000  
  330399.000  
  330499.000  
  330599.000  
  330699.000  
  330799.000  
  330899.000  
  330999.000  
  331099.000  
  331199.000  
  331299.000  
  331399.000  
  331499.000  
  331599.000  
  331699.000  
  331799.000  
  331899.000  
  331999.000  
  332099.000  
  332199.000  
  332299.000  
  332399.000  
  332499.000  
  332599.000  
  332699.000  
  332799.000  
  332899.000  
  332999.000  
  333099.000  
  333199.000  
  333299.000  
  333399.000  
  333499.000  
  333599.000  
  333699.000  
  333799.000  
  333899.000  
  333999.000  
  334099.000  
  334199.000  
  334299.000  
  334399.000  
  334499.000  
  334599.000  
  334699.000  
  334799.000  
  334899.000  
  334999.000  
  335099.000  
  335199.000  
  335299.000  
  335399.000  
  335499.000  
  335599.000  
  335699.000  
  335799.000  
  335899.000  
  335998.999  
  336098.999  
  336198.999  
  336298.999  
  336398.999  
  336498.999  
  336598.999  
  336698.999  
  336798.999  
  336898.999  
  336998.999  
  337098.999  
  337198.999  
  337298.999  
  337398.999  
  337498.999  
  337598.999  
  337698.999  
  337798.999  
  337898.999  
  337998.999  
  338098.999  
  338198.999  
  338298.999  
  338398.999  
  338498.999  
  338598.999  
  338698.999  
  338798.999  
  338898.999  
  338998.999  
  339098.999  
  339198.999  
  339298.999  
  339398.999  
  339498.999  
  339598.999  
  339698.999  
  339798.999  
  339898.999  
  339998.999  
  340098.999  
  340198.999  
  340298.999  
  340398.999  
  340498.999  
  340598.999  
  340698.999  
  340798.999  
  340898.999  
  340998.999  
  341098.999  
  341198.999  
  341298.999  
  341398.999  
  341498.999  
  341598.999  
  341698.999  
  341798.999  
  341898.999  
  341998.999  
  342098.999  
  342198.999  
  342298.999  
  342398.999  
  342498.999  
  342598.999  
  342698.999  
  342798.999  
  342898.999  
  342998.999  
  343098.999  
  343198.999  
  343298.999  
  343398.999  
  343498.999  
  343598.999  
  343698.999  
  343798.999  
  343898.999  
  343998.999  
  344098.999  
  344198.999  
  344298.999  
  344398.999  
  344498.999  
  344598.999  
  344698.999  
  344798.999  
  344898.999  
  344998.999  
  345098.999  
  345198.999  
  345298.999  
  345398.999  
  345498.999  
  345598.999  
  345698.999  
  345798.999  
  345898.999  
  345998.999  
  346098.999  
  346198.999  
  346298.999  
  346398.999  
  346498.999  
  346598.999  
  346698.999  
  346798.999  
  346898.999  
  346998.999  
  347098.999  
  347198.999  
  347298.999  
  347398.999  
  347498.999  
  347598.999  
  347698.999  
  347798.999  
  347898.999  
  347998.999  
  348098.999  
  348198.999  
  348298.999  
  348398.999  
  348498.999  
  348598.999  
  348698.999  
  348798.999  
  348898.999  
  348998.999  
  349098.999  
  349198.999  
  349298.999  
  349398.999  
  349498.999  
  349598.999  
  349698.999  
  349798.999  
  349898.999  
  349998.999  
  350098.999  
  350198.999  
  350298.999  
  350398.999  
  350498.999  
  350598.999  
  350698.999  
  350798.999  
  350898.999  
  350998.999  
  351098.999  
  351198.999  
  351298.999  
  351398.999  
  351498.999  
  351598.999  
  351698.999  
  351798.999  
  351898.999  
  351998.999  
  352098.999  
  352198.999  
  352298.999  
  352398.999  
  352498.999  
  352598.999  
  352698.999  
  352798.999  
  352898.999  
  352998.999  
  353098.999  
  353198.999  
  353298.999  
  353398.999  
  353498.999  
  353598.999  
  353698.999  
  353798.999  
  353898.999  
  353998.999  
  354098.999  
  354198.999  
  354298.999  
  354398.999  
  354498.999  
  354598.999  
  354698.999  
  354798.999  
  354898.999  
  354998.999  
  355098.999  
  355198.999  
  355298.999  
  355398.999  
  355498.999  
  355598.999  
  355698.999  
  355798.999  
  355898.999  
  355998.999  
  356098.999  
  356198.999  
  356298.999  
  356398.999  
  356498.999  
  356598.999  
  356698.999  
  356798.999  
  356898.999  
  356998.999  
  357098.999  
  357198.999  
  357298.999  
  357398.999  
  357498.999  
  357598.999  
  357698.999  
  357798.999  
  357898.999  
  357998.999  
  358098.999  
  358198.999  
  358298.999  
  358398.999  
  358498.999  
  358598.999  
  358698.999  
  358798.999  
  358898.999  
  358998.999  
  359098.999  
  359198.999  
  359298.999  
  359398.999  
  359498.999  
  359598.999  
  359698.999  
  359798.999  
  359898.999  
  359998.999  
  360098.999  
  360198.999  
  360298.999  
  360398.999  
  360498.999  
  360598.999  
  360698.999  
  360798.999  
  360898.999  
  360998.999  
  361098.999  
  361198.999  
  361298.999  
  361398.999  
  361498.999  
  361598.999  
  361698.999  
  361798.999  
  361898.999  
  361998.999  
  362098.999  
  362198.999  
  362298.999  
  362398.999  
  362498.999  
  362598.999  
  362698.999  
  362798.999  
  362898.999  
  362998.999  
  363098.999  
  363198.999  
  363298.999  
  363398.999  
  363498.999  
  363598.999  
  363698.999  
  363798.999  
  363898.999  
  363998.999  
  364098.999  
  364198.999  
  364298.999  
  364398.999  
  364498.999  
  364598.999  
  364698.999  
  364798.999  
  364898.999  
  364998.999  
  365098.999  
  365198.999  
  365298.999  
  365398.999  
  365498.999  
  365598.999  
  365698.999  
  365798.999  
  365898.999  
  365998.999  
  366098.999  
  366198.999  
  366298.999  
  366398.999  
  366498.999  
  366598.999  
  366698.999  
  366798.999  
  366898.999  
  366998.999  
  367098.999  
  367198.999  
  367298.999  
  367398.999  
  367498.999  
  367598.999  
  367698.999  
  367798.999  
  367898.999  
  367998.999  
  368098.999  
  368198.999  
  368298.999  
  368398.999  
  368498.999  
  368598.999  
  368698.999  
  368798.999  
  368898.999  
  368998.999  
  369098.999  
  369198.999  
  369298.999  
  369398.999  
  369498.999  
  369598.999  
  369698.999  
  369798.999  
  369898.999  
  369998.999  
  370098.999  
  370198.999  
  370298.999  
  370398.999  
  370498.999  
  370598.999  
  370698.999  
  370798.999  
  370898.999  
  370998.999  
  371098.999  
  371198.999  
  371298.999  
  371398.999  
  371498.999  
  371598.999  
  371698.999  
  371798.999  
  371898.999  
  371998.999  
  372098.999  
  372198.999  
  372298.999  
  372398.999  
  372498.999  
  372598.999  
  372698.999  
  372798.999  
  372898.999  
  372998.999  
  373098.999  
  373198.999  
  373298.999  
  373398.999  
  373498.999  
  373598.999  
  373698.999  
  373798.999  
  373898.999  
  373998.999  
  374098.999  
  374198.999  
  374298.999  
  374398.999  
  374498.999  
  374598.999  
  374698.999  
  374798.999  
  374898.999  
  374998.999  
  375098.999  
  375198.999  
  375298.999  
  375398.999  
  375498.999  
  375598.999  
  375698.999  
  375798.999  
  375898.999  
  375998.999  
  376098.999  
  376198.999  
  376298.999  
  376398.999  
  376498.999  
  376598.999  
  376698.999  
  376798.999  
  376898.999  
  376998.999  
  377098.999  
  377198.999  
  377298.999  
  377398.999  
  377498.999  
  377598.999  
  377698.999  
  377798.999  
  377898.999  
  377998.999  
  378098.999  
  378198.999  
  378298.999  
  378398.999  
  378498.999  
  378598.999  
  378698.999  
  378798.999  
  378898.999  
  378998.999  
  379098.999  
  379198.999  
  379298.999  
  379398.999  
  379498.999  
  379598.999  
  379698.999  
  379798.999  
  379898.999  
  379998.999  
  380098.999  
  380198.999  
  380298.999  
  380398.999  
  380498.999  
  380598.999  
  380698.999  
  380798.999  
  380898.999  
  380998.999  
  381098.999  
  381198.999  
  381298.999  
  381398.999  
  381498.999  
  381598.999  
  381698.999  
  381798.999  
  381898.999  
  381998.999  
  382098.999  
  382198.999  
  382298.999  
  382398.999  
  382498.999  
  382598.999  
  382698.999  
  382798.999  
  382898.999  
  382998.999  
  383098.999  
  383198.999  
  383298.999  
  383398.999  
  383498.999  
  383598.999  
  383698.999  
  383798.999  
  383898.999  
  383998.999  
  384098.999  
  384198.999  
  384298.999  
  384398.999  
  384498.999  
  384598.999  
  384698.999  
  384798.999  
  384898.999  
  384998.999  
  385098.999  
  385198.999  
  385298.999  
  385398.999  
  385498.999  
  385598.999  
  385698.999  
  385798.999  
  385898.999  
  385998.999  
  386098.999  
  386198.999  
  386298.999  
  386398.999  
  386498.999  
  386598.999  
  386698.999  
  386798.999  
  386898.999  
  386998.999  
  387098.999  
  387198.999  
  387298.999  
  387398.999  
  387498.999  
  387598.999  
  387698.999  
  387798.999  
  387898.999  
  387998.999  
  388098.999  
  388198.999  
  388298.999  
  388398.999  
  388498.999  
  388598.999  
  388698.999  
  388798.999  
  388898.999  
  388998.999  
  389098.999  
  389198.999  
  389298.999  
  389398.999  
  389498.999  
  389598.999  
  389698.999  
  389798.999  
  389898.999  
  389998.999  
  390098.999  
  390198.999  
  390298.999  
  390398.999  
  390498.999  
  390598.999  
  390698.999  
  390798.999  
  390898.999  
  390998.999  
  391098.999  
  391198.999  
  391298.999  
  391398.999  
  391498.999  
  391598.999  
  391698.999  
  391798.999  
  391898.999  
  391998.999  
  392098.999  
  392198.999  
  392298.999  
  392398.999  
  392498.999  
  392598.999  
  392698.999  
  392798.999  
  392898.999  
  392998.999  
  393098.999  
  393198.999  
  393298.999  
  393398.999  
  393498.999  
  393598.999  
  393698.999  
  393798.999  
  393898.999  
  393998.999  
  394098.999  
  394198.999  
  394298.999  
  394398.999  
  394498.999  
  394598.999  
  394698.999  
  394798.999  
  394898.999  
  394998.999  
  395098.999  
  395198.999  
  395298.999  
  395398.999  
  395498.999  
  395598.999  
  395698.999  
  395798.999  
  395898.999  
  395998.999  
  396098.999  
  396198.999  
  396298.999  
  396398.999  
  396498.999  
  396598.999  
  396698.999  
  396798.999  
  396898.999  
  396998.999  
  397098.999  
  397198.999  
  397298.999  
  397398.999  
  397498.999  
  397598.999  
  397698.999  
  397798.999  
  397898.999  
  397998.999  
  398098.999  
  398198.999  
  398298.999  
  398398.999  
  398498.999  
  398598.999  
  398698.999  
  398798.999  
  398898.999  
  398998.999  
  399098.999  
  399198.999  
  399298.999  
  399398.999  
  399498.999  
  399598.999  
  399698.999  
  399798.999  
  399898.999  
  399998.999  
  400098.999  
  400198.999  
  400298.999  
  400398.999  
  400498.999  
  400598.999  
  400698.999  
  400798.999  
  400898.999  
  400998.999  
  401098.999  
  401198.999  
  401298.999  
  401398.999  
  401498.999  
  401598.999  
  401698.999  
  401798.999  
  401898.999  
  401998.999  
  402098.999  
  402198.999  
  402298.999  
  402398.999  
  402498.999  
  402598.999  
  402698.999  
  402798.999  
  402898.999  
  402998.999  
  403098.999  
  403198.999  
  403298.999  
  403398.999  
  403498.999  
  403598.999  
  403698.999  
  403798.999  
  403898.999  
  403998.999  
  404098.999  
  404198.999  
  404298.999  
  404398.999  
  404498.999  
  404598.999  
  404698.999  
  404798.999  
  404898.999  
  404998.999  
  405098.999  
  405198.999  
  405298.999  
  405398.999  
  405498.999  
  405598.999  
  405698.999  
  405798.999  
  405898.999  
  405998.999  
  406098.999  
  406198.999  
  406298.999  
  406398.999  
  406498.999  
  406598.999  
  406698.999  
  406798.999  
  406898.999  
  406998.999  
  407098.999  
  407198.999  
  407298.999  
  407398.999  
  407498.999  
  407598.999  
  407698.999  
  407798.999  
  407898.999  
  407998.999  
  408098.999  
  408198.999  
  408298.999  
  408398.999  
  408498.999  
  408598.999  
  408698.999  
  408798.999  
  408898.999  
  408998.999  
  409098.999  
  409198.999  
  409298.999  
  409398.999  
  409498.999  
  409598.999  
  409698.999  
  409798.999  
  409898.999  
  409998.999  
  410098.999  
  410198.999  
  410298.999  
  410398.999  
  410498.999  
  410598.999  
  410698.999  
  410798.999  
  410898.999  
  410998.999  
  411098.999  
  411198.999  
  411298.999  
  411398.999  
  411498.999  
  411598.999  
  411698.999  
  411798.999  
  411898.999  
  411998.999  
  412098.999  
  412198.999  
  412298.999  
  412398.999  
  412498.999  
  412598.999  
  412698.999  
  412798.999  
  412898.999  
  412998.999  
  413098.999  
  413198.999  
  413298.999  
  413398.999  
  413498.999  
  413598.999  
  413698.999  
  413798.999  
  413898.999  
  413998.999  
  414098.999  
  414198.999  
  414298.999  
  414398.999  
  414498.999  
  414598.999  
  414698.999  
  414798.999  
  414898.999  
  414998.999  
  415098.999  
  415198.999  
  415298.999  
  415398.999  
  415498.999  
  415598.999  
  415698.999  
  415798.999  
  415898.999  
  415998.999  
  416098.999  
  416198.999  
  416298.999  
  416398.999  
  416498.999  
  416598.999  
  416698.999  
  416798.999  
  416898.999  
  416998.999  
  417098.999  
  417198.999  
  417298.999  
  417398.999  
  417498.999  
  417598.999  
  417698.999  
  417798.999  
  417898.999  
  417998.999  
  418098.999  
  418198.999  
  418298.999  
  418398.999  
  418498.999  
  418598.999  
  418698.999  
  418798.999  
  418898.999  
  418998.999  
  419098.999  
  419198.999  
  419298.999  
  419398.999  
  419498.999  
  419598.999  
  419698.999  
  419798.999  
  419898.999  
  419998.999  
  420098.999  
  420198.999  
  420298.999  
  420398.999  
  420498.999  
  420598.999  
  420698.999  
  420798.999  
  420898.999  
  420998.999  
  421098.999  
  421198.999  
  421298.999  
  421398.999  
  421498.999  
  421598.999  
  421698.999  
  421798.999  
  421898.999  
  421998.999  
  422098.999  
  422198.999  
  422298.999  
  422398.999  
  422498.999  
  422598.999  
  422698.999  
  422798.999  
  422898.999  
  422998.999  
  423098.999  
  423198.999  
  423298.999  
  423398.999  
  423498.999  
  423598.999  
  423698.999  
  423798.999  
  423898.999  
  423998.999  
  424098.999  
  424198.999  
  424298.999  
  424398.999  
  424498.999  
  424598.999  
  424698.999  
  424798.999  
  424898.999  
  424998.999  
  425098.999  
  425198.999  
  425298.999  
  425398.999  
  425498.999  
  425598.999  
  425698.999  
  425798.999  
  425898.999  
  425998.999  
  426098.999  
  426198.999  
  426298.999  
  426398.999  
  426498.999  
  426598.999  
  426698.999  
  426798.999  
  426898.999  
  426998.999  
  427098.999  
  427198.999  
  427298.999  
  427398.999  
  427498.999  
  427598.999  
  427698.999  
  427798.999  
  427898.999  
  427998.999  
  428098.999  
  428198.999  
  428298.999  
  428398.999  
  428498.999  
  428598.999  
  428698.999  
  428798.999  
  428898.999  
  428998.999  
  429098.999  
  429198.999  
  429298.999  
  429398.998  
  429498.998  
  429598.998  
  429698.998  
  429798.998  
  429898.998  
  429998.998  
  430098.998  
  430198.998  
  430298.998  
  430398.998  
  430498.998  
  430598.998  
  430698.998  
  430798.998  
  430898.998  
  430998.998  
  431098.998  
  431198.998  
  431298.998  
  431398.998  
  431498.998  
  431598.998  
  431698.998  
  431798.998  
  431898.998  
  431998.998  
  432098.998  
  432198.998  
  432298.998  
  432398.998  
  432498.998  
  432598.998  
  432698.998  
  432798.998  
  432898.998  
  432998.998  
  433098.998  
  433198.998  
  433298.998  
  433398.998  
  433498.998  
  433598.998  
  433698.998  
  433798.998  
  433898.998  
  433998.998  
  434098.998  
  434198.998  
  434298.998  
  434398.998  
  434498.998  
  434598.998  
  434698.998  
  434798.998  
  434898.998  
  434998.998  
  435098.998  
  435198.998  
  435298.998  
  435398.998  
  435498.998  
  435598.998  
  435698.998  
  435798.998  
  435898.998  
  435998.998  
  436098.998  
  436198.998  
  436298.998  
  436398.998  
  436498.998  
  436598.998  
  436698.998  
  436798.998  
  436898.998  
  436998.998  
  437098.998  
  437198.998  
  437298.998  
  437398.998  
  437498.998  
  437598.998  
  437698.998  
  437798.998  
  437898.998  
  437998.998  
  438098.998  
  438198.998  
  438298.998  
  438398.998  
  438498.998  
  438598.998  
  438698.998  
  438798.998  
  438898.998  
  438998.998  
  439098.998  
  439198.998  
  439298.998  
  439398.998  
  439498.998  
  439598.998  
  439698.998  
  439798.998  
  439898.998  
  439998.998  
  440098.998  
  440198.998  
  440298.998  
  440398.998  
  440498.998  
  440598.998  
  440698.998  
  440798.998  
  440898.998  
  440998.998  
  441098.998  
  441198.998  
  441298.998  
  441398.998  
  441498.998  
  441598.998  
  441698.998  
  441798.998  
  441898.998  
  441998.998  
  442098.998  
  442198.998  
  442298.998  
  442398.998  
  442498.998  
  442598.998  
  442698.998  
  442798.998  
  442898.998  
  442998.998  
  443098.998  
  443198.998  
  443298.998  
  443398.998  
  443498.998  
  443598.998  
  443698.998  
  443798.998  
  443898.998  
  443998.998  
  444098.998  
  444198.998  
  444298.998  
  444398.998  
  444498.998  
  444598.998  
  444698.998  
  444798.998  
  444898.998  
  444998.998  
  445098.998  
  445198.998  
  445298.998  
  445398.998  
  445498.998  
  445598.998  
  445698.998  
  445798.998  
  445898.998  
  445998.998  
  446098.998  
  446198.998  
  446298.998  
  446398.998  
  446498.998  
  446598.998  
  446698.998  
  446798.998  
  446898.998  
  446998.998  
  447098.998  
  447198.998  
  447298.998  
  447398.998  
  447498.998  
  447598.998  
  447698.998  
  447798.998  
  447898.998  
  447998.998  
  448098.998  
  448198.998  
  448298.998  
  448398.998  
  448498.998  
  448598.998  
  448698.998  
  448798.998  
  448898.998  
  448998.998  
  449098.998  
  449198.998  
  449298.998  
  449398.998  
  449498.998  
  449598.998  
  449698.998  
  449798.998  
  449898.998  
  449998.998  
  450098.998  
  450198.998  
  450298.998  
  450398.998  
  450498.998  
  450598.998  
  450698.998  
  450798.998  
  450898.998  
  450998.998  
  451098.998  
  451198.998  
  451298.998  
  451398.998  
  451498.998  
  451598.998  
  451698.998  
  451798.998  
  451898.998  
  451998.998  
  452098.998  
  452198.998  
  452298.998  
  452398.998  
  452498.998  
  452598.998  
  452698.998  
  452798.998  
  452898.998  
  452998.998  
  453098.998  
  453198.998  
  453298.998  
  453398.998  
  453498.998  
  453598.998  
  453698.998  
  453798.998  
  453898.998  
  453998.998  
  454098.998  
  454198.998  
  454298.998  
  454398.998  
  454498.998  
  454598.998  
  454698.998  
  454798.998  
  454898.998  
  454998.998  
  455098.998  
  455198.998  
  455298.998  
  455398.998  
  455498.998  
  455598.998  
  455698.998  
  455798.998  
  455898.998  
  455998.998  
  456098.998  
  456198.998  
  456298.998  
  456398.998  
  456498.998  
  456598.998  
  456698.998  
  456798.998  
  456898.998  
  456998.998  
  457098.998  
  457198.998  
  457298.998  
  457398.998  
  457498.998  
  457598.998  
  457698.998  
  457798.998  
  457898.998  
  457998.998  
  458098.998  
  458198.998  
  458298.998  
  458398.998  
  458498.998  
  458598.998  
  458698.998  
  458798.998  
  458898.998  
  458998.998  
  459098.998  
  459198.998  
  459298.998  
  459398.998  
  459498.998  
  459598.998  
  459698.998  
  459798.998  
  459898.998  
  459998.998  
  460098.998  
  460198.998  
  460298.998  
  460398.998  
  460498.998  
  460598.998  
  460698.998  
  460798.998  
  460898.998  
  460998.998  
  461098.998  
  461198.998  
  461298.998  
  461398.998  
  461498.998  
  461598.998  
  461698.998  
  461798.998  
  461898.998  
  461998.998  
  462098.998  
  462198.998  
  462298.998  
  462398.998  
  462498.998  
  462598.998  
  462698.998  
  462798.998  
  462898.998  
  462998.998  
  463098.998  
  463198.998  
  463298.998  
  463398.998  
  463498.998  
  463598.998  
  463698.998  
  463798.998  
  463898.998  
  463998.998  
  464098.998  
  464198.998  
  464298.998  
  464398.998  
  464498.998  
  464598.998  
  464698.998  
  464798.998  
  464898.998  
  464998.998  
  465098.998  
  465198.998  
  465298.998  
  465398.998  
  465498.998  
  465598.998  
  465698.998  
  465798.998  
  465898.998  
  465998.998  
  466098.998  
  466198.998  
  466298.998  
  466398.998  
  466498.998  
  466598.998  
  466698.998  
  466798.998  
  466898.998  
  466998.998  
  467098.998  
  467198.998  
  467298.998  
  467398.998  
  467498.998  
  467598.998  
  467698.998  
  467798.998  
  467898.998  
  467998.998  
  468098.998  
  468198.998  
  468298.998  
  468398.998  
  468498.998  
  468598.998  
  468698.998  
  468798.998  
  468898.998  
  468998.998  
  469098.998  
  469198.998  
  469298.998  
  469398.998  
  469498.998  
  469598.998  
  469698.998  
  469798.998  
  469898.998  
  469998.998  
  470098.998  
  470198.998  
  470298.998  
  470398.998  
  470498.998  
  470598.998  
  470698.998  
  470798.998  
  470898.998  
  470998.998  
  471098.998  
  471198.998  
  471298.998  
  471398.998  
  471498.998  
  471598.998  
  471698.998  
  471798.998  
  471898.998  
  471998.998  
  472098.998  
  472198.998  
  472298.998  
  472398.998  
  472498.998  
  472598.998  
  472698.998  
  472798.998  
  472898.998  
  472998.998  
  473098.998  
  473198.998  
  473298.998  
  473398.998  
  473498.998  
  473598.998  
  473698.998  
  473798.998  
  473898.998  
  473998.998  
  474098.998  
  474198.998  
  474298.998  
  474398.998  
  474498.998  
  474598.998  
  474698.998  
  474798.998  
  474898.998  
  474998.998  
  475098.998  
  475198.998  
  475298.998  
  475398.998  
  475498.998  
  475598.998  
  475698.998  
  475798.998  
  475898.998  
  475998.998  
  476098.998  
  476198.998  
  476298.998  
  476398.998  
  476498.998  
  476598.998  
  476698.998  
  476798.998  
  476898.998  
  476998.998  
  477098.998  
  477198.998  
  477298.998  
  477398.998  
  477498.998  
  477598.998  
  477698.998  
  477798.998  
  477898.998  
  477998.998  
  478098.998  
  478198.998  
  478298.998  
  478398.998  
  478498.998  
  478598.998  
  478698.998  
  478798.998  
  478898.998  
  478998.998  
  479098.998  
  479198.998  
  479298.998  
  479398.998  
  479498.998  
  479598.998  
  479698.998  
  479798.998  
  479898.998  
  479998.998  
  480098.998  
  480198.998  
  480298.998  
  480398.998  
  480498.998  
  480598.998  
  480698.998  
  480798.998  
  480898.998  
  480998.998  
  481098.998  
  481198.998  
  481298.998  
  481398.998  
  481498.998  
  481598.998  
  481698.998  
  481798.998  
  481898.998  
  481998.998  
  482098.998  
  482198.998  
  482298.998  
  482398.998  
  482498.998  
  482598.998  
  482698.998  
  482798.998  
  482898.998  
  482998.998  
  483098.998  
  483198.998  
  483298.998  
  483398.998  
  483498.998  
  483598.998  
  483698.998  
  483798.998  
  483898.998  
  483998.998  
  484098.998  
  484198.998  
  484298.998  
  484398.998  
  484498.998  
  484598.998  
  484698.998  
  484798.998  
  484898.998  
  484998.998  
  485098.998  
  485198.998  
  485298.998  
  485398.998  
  485498.998  
  485598.998  
  485698.998  
  485798.998  
  485898.998  
  485998.998  
  486098.998  
  486198.998  
  486298.998  
  486398.998  
  486498.998  
  486598.998  
  486698.998  
  486798.998  
  486898.998  
  486998.998  
  487098.998  
  487198.998  
  487298.998  
  487398.998  
  487498.998  
  487598.998  
  487698.998  
  487798.998  
  487898.998  
  487998.998  
  488098.998  
  488198.998  
  488298.998  
  488398.998  
  488498.998  
  488598.998  
  488698.998  
  488798.998  
  488898.998  
  488998.998  
  489098.998  
  489198.998  
  489298.998  
  489398.998  
  489498.998  
  489598.998  
  489698.998  
  489798.998  
  489898.998  
  489998.998  
  490098.998  
  490198.998  
  490298.998  
  490398.998  
  490498.998  
  490598.998  
  490698.998  
  490798.998  
  490898.998  
  490998.998  
  491098.998  
  491198.998  
  491298.998  
  491398.998  
  491498.998  
  491598.998  
  491698.998  
  491798.998  
  491898.998  
  491998.998  
  492098.998  
  492198.998  
  492298.998  
  492398.998  
  492498.998  
  492598.998  
  492698.998  
  492798.998  
  492898.998  
  492998.998  
  493098.998  
  493198.998  
  493298.998  
  493398.998  
  493498.998  
  493598.998  
  493698.998  
  493798.998  
  493898.998  
  493998.998  
  494098.998  
  494198.998  
  494298.998  
  494398.998  
  494498.998  
  494598.998  
  494698.998  
  494798.998  
  494898.998  
  494998.998  
  495098.998  
  495198.998  
  495298.998  
  495398.998  
  495498.998  
  495598.998  
  495698.998  
  495798.998  
  495898.998  
  495998.998  
  496098.998  
  496198.998  
  496298.998  
  496398.998  
  496498.998  
  496598.998  
  496698.998  
  496798.998  
  496898.998  
  496998.998  
  497098.998  
  497198.998  
  497298.998  
  497398.998  
  497498.998  
  497598.998  
  497698.998  
  497798.998  
  497898.998  
  497998.998  
  498098.998  
  498198.998  
  498298.998  
  498398.998  
  498498.998  
  498598.998  
  498698.998  
  498798.998  
  498898.998  
  498998.998  
  499098.998  
  499198.998  
  499298.998  
  499398.998  
  499498.998  
  499598.998  
  499698.998  
  499798.998  
  499898.998  
  499998.998  
  500098.998  
  500198.998  
  500298.998  
  500398.998  
  500498.998  
  500598.998  
  500698.998  
  500798.998  
  500898.998  
  500998.998  
  501098.998  
  501198.998  
  501298.998  
  501398.998  
  501498.998  
  501598.998  
  501698.998  
  501798.998  
  501898.998  
  501998.998  
  502098.998  
  502198.998  
  502298.998  
  502398.998  
  502498.998  
  502598.998  
  502698.998  
  502798.998  
  502898.998  
  502998.998  
  503098.998  
  503198.998  
  503298.998  
  503398.998  
  503498.998  
  503598.998  
  503698.998  
  503798.998  
  503898.998  
  503998.998  
  504098.998  
  504198.998  
  504298.998  
  504398.998  
  504498.998  
  504598.998  
  504698.998  
  504798.998  
  504898.998  
  504998.998  
