1			-3.4010E+04
5			-3.4538E+04
10			-3.5374E+04
15			-3.6445E+04
20			-3.7953E+04
25			-3.9795E+04
30			-4.0904E+04
35			-4.1414E+04
40			-4.2158E+04
45			-4.2512E+04
50			-4.2830E+04
55			-4.3045E+04
60			-4.3281E+04
65			-4.3484E+04
70			-4.3754E+04
75			-4.3837E+04
80			-4.3998E+04
85			-4.4257E+04
90			-4.4381E+04
95			-4.4525E+04
100			-4.4646E+04
105			-4.4712E+04
110			-4.6124E+04
115			-4.6283E+04
120			-4.6635E+04
125			-4.6973E+04
130			-4.6976E+04
135			-4.7115E+04
140			-4.7344E+04
145			-4.7535E+04
150			-4.7718E+04
155			-4.7722E+04
160			-4.7824E+04
165			-4.7890E+04
170			-4.8085E+04
175			-4.8175E+04
180			-4.8179E+04
185			-4.8276E+04
190			-4.8339E+04
195			-4.8459E+04
200			-4.8520E+04
205			-4.8523E+04
210			-4.8588E+04
215			-4.8648E+04
220			-4.8738E+04
225			-4.8806E+04
230			-4.8810E+04
235			-4.8881E+04
240			-4.8920E+04
245			-4.9013E+04
250			-4.9067E+04
255			-4.9071E+04
260			-4.9130E+04
265			-4.9174E+04
270			-4.9248E+04
275			-4.9291E+04
280			-4.9294E+04
285			-4.9349E+04
290			-4.9390E+04
295			-4.9444E+04
300			-4.9484E+04
305			-4.9486E+04
310			-4.9534E+04
315			-4.9560E+04
320			-4.9629E+04
325			-4.9667E+04
330			-4.9670E+04
335			-4.9720E+04
340			-4.9758E+04
345			-4.9796E+04
350			-4.9828E+04
355			-4.9830E+04
360			-4.9871E+04
365			-4.9903E+04
370			-4.9946E+04
375			-4.9972E+04
380			-4.9975E+04
385			-5.0010E+04
390			-5.0033E+04
395			-5.0076E+04
400			-5.0105E+04
405			-5.0108E+04
410			-5.0145E+04
415			-5.0170E+04
420			-5.0207E+04
425			-5.0227E+04
430			-5.0230E+04
435			-5.0260E+04
440			-5.0292E+04
445			-5.0314E+04
450			-5.0362E+04
455			-5.0363E+04
460			-5.0386E+04
465			-5.0400E+04
470			-5.0452E+04
475			-5.0484E+04
480			-5.0486E+04
485			-5.0533E+04
490			-5.0560E+04
495			-5.0578E+04
500			-5.0594E+04
500			-5.0594E+04
