1			-5.0666E+04
5			-5.0678E+04
10			-5.0708E+04
15			-5.0763E+04
20			-5.0746E+04
25			-5.0849E+04
30			-5.0865E+04
35			-5.0889E+04
40			-5.0900E+04
45			-5.0913E+04
50			-5.0925E+04
55			-5.0937E+04
60			-5.0949E+04
65			-5.0957E+04
70			-5.0967E+04
75			-5.0977E+04
80			-5.0986E+04
85			-5.0995E+04
90			-5.1004E+04
95			-5.1013E+04
100			-5.1025E+04
105			-5.1052E+04
110			-5.1234E+04
115			-5.1279E+04
120			-5.1370E+04
125			-5.1410E+04
130			-5.1412E+04
135			-5.1456E+04
140			-5.1490E+04
145			-5.1544E+04
150			-5.1574E+04
155			-5.1575E+04
160			-5.1589E+04
165			-5.1606E+04
170			-5.1625E+04
175			-5.1674E+04
180			-5.1676E+04
185			-5.1701E+04
190			-5.1717E+04
195			-5.1734E+04
200			-5.1743E+04
205			-5.1744E+04
210			-5.1752E+04
215			-5.1770E+04
220			-5.1785E+04
225			-5.1812E+04
230			-5.1813E+04
235			-5.1834E+04
240			-5.1848E+04
245			-5.1859E+04
250			-5.1867E+04
255			-5.1869E+04
260			-5.1877E+04
265			-5.1888E+04
270			-5.1905E+04
275			-5.1929E+04
280			-5.1931E+04
285			-5.1952E+04
290			-5.1969E+04
295			-5.1977E+04
300			-5.1986E+04
305			-5.1988E+04
310			-5.1997E+04
315			-5.2003E+04
320			-5.2036E+04
325			-5.2083E+04
330			-5.2085E+04
335			-5.2117E+04
340			-5.2134E+04
345			-5.2143E+04
350			-5.2148E+04
355			-5.2149E+04
360			-5.2153E+04
365			-5.2164E+04
370			-5.2183E+04
375			-5.2212E+04
380			-5.2214E+04
385			-5.2239E+04
390			-5.2254E+04
395			-5.2260E+04
400			-5.2265E+04
405			-5.2266E+04
410			-5.2270E+04
415			-5.2277E+04
420			-5.2303E+04
425			-5.2333E+04
430			-5.2335E+04
435			-5.2363E+04
440			-5.2375E+04
445			-5.2384E+04
450			-5.2387E+04
455			-5.2388E+04
460			-5.2391E+04
465			-5.2403E+04
470			-5.2414E+04
475			-5.2439E+04
480			-5.2441E+04
485			-5.2460E+04
490			-5.2473E+04
495			-5.2477E+04
500			-5.2483E+04
500			-5.2483E+04
