       0.000           0.0000
       1.000         162.4958
       2.000         310.4489
       3.000         465.7816
       4.000         635.4742
       5.000         784.5425
       6.000         938.2487
       7.000        1112.8713
       8.000        1272.0131
       9.000        1415.6827
      10.000        1547.2859
      11.000        1712.2271
      12.000        1895.4727
      13.000        2055.4521
      14.000        2257.8816
      15.000        2351.6899
      16.000        2574.0649
      17.000        2727.9456
      18.000        2832.6438
      19.000        3039.4907
      20.000        3099.5996
      21.000        3304.8125
      22.000        3427.6870
      23.000        3489.9409
      24.000        3528.3557
      25.000        3576.9458
      26.000        3556.1790
      27.000        3800.1758
      28.000        3767.0491
      29.000        3887.6423
      30.000        3982.0012
      31.000        4014.9919
      32.000        4148.5469
      33.000        4185.3979
      34.000        4246.7642
      35.000        4309.6421
      36.000        4403.9082
      37.000        4491.4678
      38.000        4620.1802
      39.000        4659.9155
      40.000        4746.4731
      41.000        4733.7241
      42.000        4803.5713
      43.000        4782.2817
      44.000        4755.4268
      45.000        4725.1655
      46.000        4790.5522
      47.000        4775.1943
      48.000        4830.6475
      49.000        4747.3047
      50.000        4801.2075
      51.000        4677.5796
      52.000        4757.3472
      53.000        4748.6987
      54.000        4692.8013
      55.000        4751.4668
      56.000        4789.1250
      57.000        4737.8604
      58.000        4758.1445
      59.000        4784.7534
      60.000        4796.0474
      61.000        4873.3398
      62.000        4879.4238
      63.000        4766.1626
      64.000        4797.4180
      65.000        4734.6758
      66.000        4813.4194
      67.000        4829.4111
      68.000        4766.6050
      69.000        4852.8687
      70.000        4627.6865
      71.000        4818.0054
      72.000        4789.9805
      73.000        4786.1382
      74.000        4743.0664
      75.000        4859.0547
      76.000        4788.8970
      77.000        4809.7520
      78.000        4727.5405
      79.000        4774.6377
      80.000        4779.8188
      81.000        4780.1758
      82.000        4815.0615
      83.000        4810.9268
      84.000        4726.2388
      85.000        4760.0308
      86.000        4812.5117
      87.000        4804.7368
      88.000        4798.6001
      89.000        4767.1997
      90.000        4845.0254
      91.000        4824.1279
      92.000        4951.2183
      93.000        4783.3481
      94.000        4737.6743
      95.000        4905.6304
      96.000        4799.3550
      97.000        4803.5098
      98.000        4719.7988
      99.000        4800.3457
     100.000        4651.9565
     101.000        4727.8345
     102.000        4793.8521
     103.000        4655.4326
     104.000        4854.7075
     105.000        4888.4170
     106.000        4794.5488
     107.000        4820.6758
     108.000        4862.4512
     109.000        4748.1406
     110.000        4829.2227
     111.000        4764.0732
     112.000        4811.3179
     113.000        4677.5205
     114.000        4732.2710
     115.000        4808.5547
     116.000        4721.4897
     117.000        4840.7300
     118.000        4754.7192
     119.000        4802.2275
     120.000        4765.7427
     121.000        4802.4761
     122.000        4858.6133
     123.000        4760.2544
     124.000        4753.1597
     125.000        4802.9951
     126.000        4749.5483
     127.000        4766.8291
     128.000        4764.9316
     129.000        4819.6426
     130.000        4797.3198
     131.000        4704.9043
     132.000        4824.9912
     133.000        4844.0444
     134.000        4843.2402
     135.000        4825.4272
     136.000        4836.6357
     137.000        4739.6274
     138.000        4717.4224
     139.000        4812.2266
     140.000        4835.7090
