       0.000      -32103.5415
       1.000      -28408.0970
       2.000      -28432.3357
       3.000      -28393.0477
       4.000      -28343.6923
       5.000      -28261.3567
       6.000      -28134.9282
       7.000      -27998.5691
       8.000      -27871.8039
       9.000      -27740.4147
      10.000      -27605.0967
      11.000      -27446.4494
      12.000      -27319.4298
      13.000      -27185.2335
      14.000      -26973.0957
      15.000      -26880.3641
      16.000      -26745.1426
      17.000      -26566.3577
      18.000      -26340.5718
      19.000      -26167.6690
      20.000      -25986.2082
      21.000      -25835.9618
      22.000      -25714.2447
      23.000      -25506.8162
      24.000      -25372.0711
      25.000      -25331.2391
      26.000      -25203.5711
      27.000      -25108.7953
      28.000      -24902.9289
      29.000      -24730.8685
      30.000      -24520.8838
      31.000      -24344.9371
      32.000      -24167.5100
      33.000      -23989.7820
      34.000      -23804.8593
      35.000      -23618.7133
      36.000      -23450.1155
      37.000      -23276.5997
      38.000      -23117.8385
      39.000      -23119.3231
      40.000      -22789.8166
      41.000      -22635.3606
      42.000      -22767.9841
      43.000      -22647.4499
      44.000      -22740.4231
      45.000      -22911.1799
      46.000      -22850.5591
      47.000      -22821.5768
      48.000      -22828.0197
      49.000      -22743.2834
      50.000      -22787.4261
      51.000      -22743.4778
      52.000      -22755.2921
      53.000      -22898.9830
      54.000      -22770.6078
      55.000      -22795.6784
      56.000      -22626.6564
      57.000      -22832.5195
      58.000      -22722.4291
      59.000      -22848.2038
      60.000      -22843.1916
      61.000      -22843.8852
      62.000      -22888.7655
      63.000      -22769.0536
      64.000      -22904.9501
      65.000      -22822.9689
      66.000      -22740.7928
      67.000      -22800.1039
      68.000      -22632.2254
      69.000      -22647.0565
      70.000      -22738.2400
      71.000      -22755.2397
      72.000      -22834.9616
      73.000      -22765.4024
      74.000      -22741.2028
      75.000      -22729.7880
      76.000      -22805.8129
      77.000      -22894.2991
      78.000      -22770.2857
      79.000      -22774.6927
      80.000      -22912.5411
      81.000      -22835.9129
      82.000      -22782.9333
      83.000      -22834.9497
      84.000      -22990.2107
      85.000      -22936.4814
      86.000      -22712.8983
      87.000      -22829.0033
      88.000      -23007.6773
      89.000      -22959.0954
      90.000      -22826.3005
      91.000      -22969.3854
      92.000      -22967.8275
      93.000      -22915.2161
      94.000      -22946.5100
      95.000      -22825.1981
      96.000      -22909.1540
      97.000      -22797.1482
      98.000      -22918.4738
      99.000      -22985.2002
     100.000      -22858.1920
     101.000      -22860.2035
     102.000      -22993.5334
     103.000      -23119.7363
     104.000      -22864.5384
     105.000      -23055.2181
     106.000      -22840.7545
     107.000      -23033.7782
     108.000      -22942.1993
     109.000      -23025.7701
     110.000      -22997.8675
     111.000      -23084.2945
     112.000      -23029.7556
     113.000      -22928.8202
     114.000      -22956.4745
     115.000      -23007.2484
     116.000      -23037.3272
     117.000      -22916.2414
     118.000      -23061.6936
     119.000      -22921.1002
     120.000      -23074.7497
     121.000      -22954.3885
     122.000      -22955.8040
     123.000      -22978.0972
     124.000      -23113.9122
     125.000      -22901.4512
     126.000      -23128.4877
     127.000      -22989.9563
     128.000      -22986.2207
     129.000      -22978.4694
     130.000      -23076.8022
     131.000      -22992.1465
     132.000      -23061.5559
     133.000      -23015.5255
     134.000      -23154.9766
     135.000      -23136.4666
     136.000      -23111.8773
     137.000      -23116.1799
     138.000      -23091.8965
     139.000      -23084.0844
     140.000      -22993.7927
