       0.000      -32103.5415
       1.000      -28245.6012
       2.000      -28121.8868
       3.000      -27927.2660
       4.000      -27708.2181
       5.000      -27476.8142
       6.000      -27196.6795
       7.000      -26885.6977
       8.000      -26599.7909
       9.000      -26324.7320
      10.000      -26057.8108
      11.000      -25734.2224
      12.000      -25423.9571
      13.000      -25129.7813
      14.000      -24715.2141
      15.000      -24528.6741
      16.000      -24171.0777
      17.000      -23838.4122
      18.000      -23507.9280
      19.000      -23128.1783
      20.000      -22886.6086
      21.000      -22531.1493
      22.000      -22286.5577
      23.000      -22016.8752
      24.000      -21843.7154
      25.000      -21754.2933
      26.000      -21647.3921
      27.000      -21308.6195
      28.000      -21135.8799
      29.000      -20843.2261
      30.000      -20538.8826
      31.000      -20329.9451
      32.000      -20018.9631
      33.000      -19804.3840
      34.000      -19558.0952
      35.000      -19309.0712
      36.000      -19046.2073
      37.000      -18785.1319
      38.000      -18497.6583
      39.000      -18459.4076
      40.000      -18043.3434
      41.000      -17901.6365
      42.000      -17964.4128
      43.000      -17865.1682
      44.000      -17984.9963
      45.000      -18186.0143
      46.000      -18060.0068
      47.000      -18046.3824
      48.000      -17997.3722
      49.000      -17995.9787
      50.000      -17986.2186
      51.000      -18065.8982
      52.000      -17997.9449
      53.000      -18150.2842
      54.000      -18077.8066
      55.000      -18044.2116
      56.000      -17837.5314
      57.000      -18094.6592
      58.000      -17964.2846
      59.000      -18063.4504
      60.000      -18047.1443
      61.000      -17970.5454
      62.000      -18009.3417
      63.000      -18002.8910
      64.000      -18107.5321
      65.000      -18088.2931
      66.000      -17927.3734
      67.000      -17970.6928
      68.000      -17865.6204
      69.000      -17794.1878
      70.000      -18110.5534
      71.000      -17937.2344
      72.000      -18044.9812
      73.000      -17979.2642
      74.000      -17998.1364
      75.000      -17870.7333
      76.000      -18016.9159
      77.000      -18084.5471
      78.000      -18042.7452
      79.000      -18000.0550
      80.000      -18132.7223
      81.000      -18055.7371
      82.000      -17967.8718
      83.000      -18024.0230
      84.000      -18263.9719
      85.000      -18176.4506
      86.000      -17900.3866
      87.000      -18024.2665
      88.000      -18209.0772
      89.000      -18191.8957
      90.000      -17981.2751
      91.000      -18145.2574
      92.000      -18016.6093
      93.000      -18131.8680
      94.000      -18208.8356
      95.000      -17919.5678
      96.000      -18109.7990
      97.000      -17993.6384
      98.000      -18198.6750
      99.000      -18184.8545
     100.000      -18206.2355
     101.000      -18132.3690
     102.000      -18199.6814
     103.000      -18464.3037
     104.000      -18009.8309
     105.000      -18166.8011
     106.000      -18046.2057
     107.000      -18213.1024
     108.000      -18079.7481
     109.000      -18277.6295
     110.000      -18168.6448
     111.000      -18320.2212
     112.000      -18218.4377
     113.000      -18251.2997
     114.000      -18224.2035
     115.000      -18198.6937
     116.000      -18315.8375
     117.000      -18075.5114
     118.000      -18306.9743
     119.000      -18118.8727
     120.000      -18309.0070
     121.000      -18151.9124
     122.000      -18097.1907
     123.000      -18217.8428
     124.000      -18360.7526
     125.000      -18098.4561
     126.000      -18378.9394
     127.000      -18223.1272
     128.000      -18221.2890
     129.000      -18158.8268
     130.000      -18279.4824
     131.000      -18287.2422
     132.000      -18236.5647
     133.000      -18171.4811
     134.000      -18311.7363
     135.000      -18311.0394
     136.000      -18275.2415
     137.000      -18376.5524
     138.000      -18374.4742
     139.000      -18271.8579
     140.000      -18158.0837
