       0.000       0.00
       1.000      10.18
       2.000      19.46
       3.000      29.19
       4.000      39.83
       5.000      49.17
       6.000      58.80
       7.000      69.75
       8.000      79.72
       9.000      88.72
      10.000      96.97
      11.000     107.31
      12.000     118.79
      13.000     128.82
      14.000     141.51
      15.000     147.38
      16.000     161.32
      17.000     170.97
      18.000     177.53
      19.000     190.49
      20.000     194.26
      21.000     207.12
      22.000     214.82
      23.000     218.72
      24.000     221.13
      25.000     224.17
      26.000     222.87
      27.000     238.16
      28.000     236.09
      29.000     243.65
      30.000     249.56
      31.000     251.63
      32.000     260.00
      33.000     262.31
      34.000     266.15
      35.000     270.09
      36.000     276.00
      37.000     281.49
      38.000     289.55
      39.000     292.05
      40.000     297.47
      41.000     296.67
      42.000     301.05
      43.000     299.71
      44.000     298.03
      45.000     296.13
      46.000     300.23
      47.000     299.27
      48.000     302.75
      49.000     297.52
      50.000     300.90
      51.000     293.15
      52.000     298.15
      53.000     297.61
      54.000     294.11
      55.000     297.78
      56.000     300.14
      57.000     296.93
      58.000     298.20
      59.000     299.87
      60.000     300.58
      61.000     305.42
      62.000     305.80
      63.000     298.70
      64.000     300.66
      65.000     296.73
      66.000     301.67
      67.000     302.67
      68.000     298.73
      69.000     304.14
      70.000     290.03
      71.000     301.95
      72.000     300.20
      73.000     299.96
      74.000     297.26
      75.000     304.53
      76.000     300.13
      77.000     301.44
      78.000     296.28
      79.000     299.23
      80.000     299.56
      81.000     299.58
      82.000     301.77
      83.000     301.51
      84.000     296.20
      85.000     298.32
      86.000     301.61
      87.000     301.12
      88.000     300.74
      89.000     298.77
      90.000     303.65
      91.000     302.34
      92.000     310.30
      93.000     299.78
      94.000     296.92
      95.000     307.44
      96.000     300.78
      97.000     301.04
      98.000     295.80
      99.000     300.85
     100.000     291.55
     101.000     296.30
     102.000     300.44
     103.000     291.76
     104.000     304.25
     105.000     306.37
     106.000     300.48
     107.000     302.12
     108.000     304.74
     109.000     297.57
     110.000     302.66
     111.000     298.57
     112.000     301.53
     113.000     293.15
     114.000     296.58
     115.000     301.36
     116.000     295.90
     117.000     303.38
     118.000     297.99
     119.000     300.96
     120.000     298.68
     121.000     300.98
     122.000     304.50
     123.000     298.33
     124.000     297.89
     125.000     301.01
     126.000     297.66
     127.000     298.75
     128.000     298.63
     129.000     302.06
     130.000     300.66
     131.000     294.86
     132.000     302.39
     133.000     303.58
     134.000     303.53
     135.000     302.42
     136.000     303.12
     137.000     297.04
     138.000     295.65
     139.000     301.59
     140.000     303.06
