1			-3.5453E+04
5			-3.5807E+04
10			-3.6461E+04
15			-3.7476E+04
20			-3.8970E+04
25			-4.0841E+04
30			-4.2375E+04
35			-4.3024E+04
40			-4.3439E+04
45			-4.3796E+04
50			-4.4123E+04
55			-4.4342E+04
60			-4.4573E+04
65			-4.4774E+04
70			-4.5044E+04
75			-4.5126E+04
80			-4.5285E+04
85			-4.5542E+04
90			-4.5667E+04
95			-4.5810E+04
100			-4.5931E+04
105			-4.5997E+04
110			-4.7334E+04
115			-4.7453E+04
120			-4.7767E+04
125			-4.8034E+04
130			-4.8038E+04
135			-4.8216E+04
140			-4.8344E+04
145			-4.8507E+04
150			-4.8644E+04
155			-4.8649E+04
160			-4.8765E+04
165			-4.8825E+04
170			-4.8987E+04
175			-4.9167E+04
180			-4.9170E+04
185			-4.9306E+04
190			-4.9374E+04
195			-4.9484E+04
200			-4.9552E+04
205			-4.9555E+04
210			-4.9626E+04
215			-4.9669E+04
220			-4.9802E+04
225			-4.9884E+04
230			-4.9887E+04
235			-4.9983E+04
240			-5.0041E+04
245			-5.0114E+04
250			-5.0161E+04
255			-5.0164E+04
260			-5.0219E+04
265			-5.0255E+04
270			-5.0355E+04
275			-5.0412E+04
280			-5.0414E+04
285			-5.0492E+04
290			-5.0536E+04
295			-5.0590E+04
300			-5.0650E+04
305			-5.0653E+04
310			-5.0710E+04
315			-5.0739E+04
320			-5.0817E+04
325			-5.0872E+04
330			-5.0874E+04
335			-5.0945E+04
340			-5.0984E+04
345			-5.1023E+04
350			-5.1128E+04
355			-5.1132E+04
360			-5.1214E+04
365			-5.1239E+04
370			-5.1286E+04
375			-5.1314E+04
380			-5.1316E+04
385			-5.1347E+04
390			-5.1390E+04
395			-5.1414E+04
400			-5.1507E+04
405			-5.1509E+04
410			-5.1551E+04
415			-5.1566E+04
420			-5.1613E+04
425			-5.1647E+04
430			-5.1649E+04
435			-5.1684E+04
440			-5.1716E+04
445			-5.1741E+04
450			-5.1766E+04
455			-5.1768E+04
460			-5.1795E+04
465			-5.1812E+04
470			-5.1849E+04
475			-5.1869E+04
480			-5.1871E+04
485			-5.1896E+04
490			-5.1916E+04
495			-5.1945E+04
500			-5.1961E+04
500			-5.1961E+04
