1			-5.2012E+04
5			-5.2023E+04
10			-5.2047E+04
15			-5.2093E+04
20			-5.2137E+04
25			-5.2155E+04
30			-5.2167E+04
35			-5.2178E+04
40			-5.2189E+04
45			-5.2199E+04
50			-5.2209E+04
55			-5.2216E+04
60			-5.2225E+04
65			-5.2233E+04
70			-5.2241E+04
75			-5.2249E+04
80			-5.2257E+04
85			-5.2265E+04
90			-5.2275E+04
95			-5.2279E+04
100			-5.2286E+04
105			-5.2368E+04
110			-5.2546E+04
115			-5.2604E+04
120			-5.2639E+04
125			-5.2690E+04
130			-5.2692E+04
135			-5.2712E+04
140			-5.2733E+04
145			-5.2749E+04
150			-5.2810E+04
155			-5.2812E+04
160			-5.2837E+04
165			-5.2846E+04
170			-5.2863E+04
175			-5.2891E+04
180			-5.2892E+04
185			-5.2912E+04
190			-5.2930E+04
195			-5.2940E+04
200			-5.2962E+04
205			-5.2964E+04
210			-5.2977E+04
215			-5.2987E+04
220			-5.3005E+04
225			-5.3021E+04
230			-5.3023E+04
235			-5.3041E+04
240			-5.3057E+04
245			-5.3067E+04
250			-5.3083E+04
255			-5.3085E+04
260			-5.3096E+04
265			-5.3109E+04
270			-5.3124E+04
275			-5.3150E+04
280			-5.3151E+04
285			-5.3170E+04
290			-5.3184E+04
295			-5.3191E+04
300			-5.3204E+04
305			-5.3205E+04
310			-5.3212E+04
315			-5.3222E+04
320			-5.3265E+04
325			-5.3313E+04
330			-5.3314E+04
335			-5.3348E+04
340			-5.3372E+04
345			-5.3377E+04
350			-5.3387E+04
355			-5.3389E+04
360			-5.3396E+04
365			-5.3403E+04
370			-5.3413E+04
375			-5.3433E+04
380			-5.3434E+04
385			-5.3450E+04
390			-5.3465E+04
395			-5.3469E+04
400			-5.3476E+04
405			-5.3477E+04
410			-5.3483E+04
415			-5.3491E+04
420			-5.3502E+04
425			-5.3523E+04
430			-5.3525E+04
435			-5.3539E+04
440			-5.3554E+04
445			-5.3558E+04
450			-5.3564E+04
455			-5.3565E+04
460			-5.3569E+04
465			-5.3575E+04
470			-5.3598E+04
475			-5.3626E+04
480			-5.3629E+04
485			-5.3651E+04
490			-5.3670E+04
495			-5.3678E+04
500			-5.3682E+04
500			-5.3682E+04
