       0.000           0.0000
       1.000         231.6546
       2.000         443.8766
       3.000         673.9373
       4.000         908.8112
       5.000        1138.0386
       6.000        1368.3950
       7.000        1604.7832
       8.000        1791.3635
       9.000        2021.5594
      10.000        2294.7976
      11.000        2542.7478
      12.000        2742.9812
      13.000        2961.6377
      14.000        3213.0151
      15.000        3453.8315
      16.000        3665.7695
      17.000        3849.9023
      18.000        4137.3467
      19.000        4340.8794
      20.000        4556.4844
      21.000        4746.0977
      22.000        4801.4175
      23.000        4858.6040
      24.000        5025.1694
      25.000        5110.4727
      26.000        5298.0659
      27.000        5367.8936
      28.000        5552.7271
      29.000        5676.1504
      30.000        5714.9453
      31.000        5749.6113
      32.000        6009.6182
      33.000        6019.5049
      34.000        6196.7500
      35.000        6344.6963
      36.000        6474.7529
      37.000        6574.4829
      38.000        6656.8599
      39.000        6770.1436
      40.000        6981.1675
      41.000        6856.1963
      42.000        6968.5684
      43.000        6821.0845
      44.000        6902.7900
      45.000        6967.0103
      46.000        6843.5078
      47.000        6929.0186
      48.000        6910.9937
      49.000        6916.4248
      50.000        6855.4712
      51.000        6911.1743
      52.000        6974.7134
      53.000        6933.4966
      54.000        6891.0938
      55.000        6920.4692
      56.000        6891.9775
      57.000        6874.1855
      58.000        6903.9326
      59.000        7006.6855
      60.000        6820.8501
      61.000        6863.1758
      62.000        6854.1313
      63.000        6877.5049
      64.000        6944.8574
      65.000        6996.7305
      66.000        6862.4482
      67.000        7033.0396
      68.000        6889.9067
      69.000        6855.8062
      70.000        6888.9219
      71.000        6988.5059
      72.000        6943.7871
      73.000        6897.3594
      74.000        6844.4614
      75.000        6807.5625
      76.000        6977.9927
      77.000        6842.4468
      78.000        6950.4360
      79.000        6777.4258
      80.000        6919.3257
      81.000        6833.0947
      82.000        6860.2734
      83.000        6872.5371
      84.000        6930.8901
      85.000        6847.8008
      86.000        6761.0986
      87.000        6841.3975
      88.000        6930.9380
      89.000        6892.4922
      90.000        6933.4854
      91.000        6899.9951
      92.000        7075.2041
      93.000        6885.5737
      94.000        6817.7842
      95.000        6846.4351
      96.000        6868.2466
      97.000        6993.7861
      98.000        6824.7446
      99.000        6868.0991
     100.000        6910.5073
     101.000        6957.3452
     102.000        6869.8281
     103.000        6895.2725
     104.000        6961.8716
     105.000        6857.1411
     106.000        6722.0908
     107.000        6851.4019
     108.000        6855.4531
     109.000        6894.1626
     110.000        6949.4727
     111.000        6820.3315
     112.000        7010.1875
     113.000        6921.3135
     114.000        6863.0947
     115.000        6920.3623
     116.000        6865.9360
     117.000        6994.9360
     118.000        6857.5684
     119.000        6936.0542
     120.000        6934.3198
     121.000        6920.6074
     122.000        6855.3076
     123.000        6940.9102
     124.000        6919.0830
     125.000        6785.1016
     126.000        6872.0356
     127.000        6953.8311
     128.000        6949.6392
     129.000        6918.9600
     130.000        6886.3403
     131.000        6894.3701
     132.000        6908.9214
     133.000        6905.2520
     134.000        6938.4004
     135.000        6999.5146
     136.000        6978.1323
     137.000        7012.4370
     138.000        6833.0132
     139.000        6740.4414
     140.000        7006.2705
