       0.000      -48009.5943
       1.000      -42230.7003
       2.000      -42279.6114
       3.000      -42211.0822
       4.000      -42103.7998
       5.000      -41956.8851
       6.000      -41808.8532
       7.000      -41612.6238
       8.000      -41385.1476
       9.000      -41197.4540
      10.000      -41025.2168
      11.000      -40752.0651
      12.000      -40509.0984
      13.000      -40322.7292
      14.000      -40125.6366
      15.000      -39904.1271
      16.000      -39724.5713
      17.000      -39403.5110
      18.000      -39147.0459
      19.000      -38760.3038
      20.000      -38517.5186
      21.000      -38369.3805
      22.000      -38229.0465
      23.000      -38029.1433
      24.000      -37832.9714
      25.000      -37635.9365
      26.000      -37412.7374
      27.000      -37132.9077
      28.000      -36967.2722
      29.000      -36705.7588
      30.000      -36597.0007
      31.000      -36244.7110
      32.000      -36091.8903
      33.000      -35712.3878
      34.000      -35388.6819
      35.000      -35346.3388
      36.000      -35040.2234
      37.000      -34678.2171
      38.000      -34378.7017
      39.000      -34267.9862
      40.000      -33967.0455
      41.000      -33717.1716
      42.000      -33996.8865
      43.000      -33834.9083
      44.000      -33887.4991
      45.000      -33820.4839
      46.000      -33835.1840
      47.000      -33772.2925
      48.000      -33659.4270
      49.000      -33802.5904
      50.000      -33801.1650
      51.000      -33944.9658
      52.000      -33864.7043
      53.000      -33772.3432
      54.000      -33846.3742
      55.000      -33812.0505
      56.000      -33989.5106
      57.000      -33955.7594
      58.000      -34128.1197
      59.000      -33976.8201
      60.000      -34054.2351
      61.000      -33982.9578
      62.000      -34025.2638
      63.000      -33887.9766
      64.000      -33956.4028
      65.000      -33943.4288
      66.000      -34048.9790
      67.000      -34021.0184
      68.000      -33879.4210
      69.000      -34018.5787
      70.000      -34054.9792
      71.000      -33928.9744
      72.000      -34152.5802
      73.000      -34078.3312
      74.000      -34036.8642
      75.000      -34091.2007
      76.000      -34195.3294
      77.000      -34037.1324
      78.000      -33894.6864
      79.000      -34043.8747
      80.000      -33939.2311
      81.000      -33983.2823
      82.000      -34031.4609
      83.000      -33980.5270
      84.000      -34037.0204
      85.000      -34115.2897
      86.000      -34002.7416
      87.000      -33969.1955
      88.000      -34003.6620
      89.000      -34075.3314
      90.000      -34111.5516
      91.000      -33933.8206
      92.000      -33974.2787
      93.000      -34104.2172
      94.000      -34143.6644
      95.000      -34202.8839
      96.000      -34111.9809
      97.000      -34047.5605
      98.000      -34147.2105
      99.000      -34131.9413
     100.000      -34226.8616
     101.000      -34217.0518
     102.000      -34037.3427
     103.000      -34187.0022
     104.000      -34077.9884
     105.000      -34075.8789
     106.000      -34221.1355
     107.000      -34205.3976
     108.000      -34185.6036
     109.000      -34209.7849
     110.000      -34257.4857
     111.000      -34185.7601
     112.000      -34170.5553
     113.000      -34258.6776
     114.000      -34300.9824
     115.000      -34250.8733
     116.000      -34180.0846
     117.000      -33994.0939
     118.000      -34088.3583
     119.000      -34278.9246
     120.000      -34171.5786
     121.000      -34098.3779
     122.000      -34301.2940
     123.000      -34140.8676
     124.000      -34284.7506
     125.000      -34041.0358
     126.000      -34278.7925
     127.000      -34072.0272
     128.000      -34201.4068
     129.000      -34032.6944
     130.000      -34285.2454
     131.000      -34100.8662
     132.000      -34229.4867
     133.000      -34048.3919
     134.000      -34294.4065
     135.000      -34151.6285
     136.000      -34452.7348
     137.000      -34273.6565
     138.000      -34192.8521
     139.000      -34367.4917
     140.000      -34303.8073
