       0.000      -48009.5943
       1.000      -41999.0456
       2.000      -41835.7348
       3.000      -41537.1449
       4.000      -41194.9887
       5.000      -40818.8465
       6.000      -40440.4581
       7.000      -40007.8406
       8.000      -39593.7840
       9.000      -39175.8946
      10.000      -38730.4192
      11.000      -38209.3173
      12.000      -37766.1172
      13.000      -37361.0915
      14.000      -36912.6215
      15.000      -36450.2956
      16.000      -36058.8018
      17.000      -35553.6086
      18.000      -35009.6992
      19.000      -34419.4244
      20.000      -33961.0342
      21.000      -33623.2828
      22.000      -33427.6290
      23.000      -33170.5393
      24.000      -32807.8020
      25.000      -32525.4639
      26.000      -32114.6714
      27.000      -31765.0142
      28.000      -31414.5452
      29.000      -31029.6084
      30.000      -30882.0554
      31.000      -30495.0997
      32.000      -30082.2722
      33.000      -29692.8829
      34.000      -29191.9319
      35.000      -29001.6425
      36.000      -28565.4704
      37.000      -28103.7342
      38.000      -27721.8419
      39.000      -27497.8427
      40.000      -26985.8781
      41.000      -26860.9753
      42.000      -27028.3181
      43.000      -27013.8238
      44.000      -26984.7091
      45.000      -26853.4737
      46.000      -26991.6762
      47.000      -26843.2740
      48.000      -26748.4334
      49.000      -26886.1656
      50.000      -26945.6938
      51.000      -27033.7914
      52.000      -26889.9909
      53.000      -26838.8467
      54.000      -26955.2804
      55.000      -26891.5812
      56.000      -27097.5331
      57.000      -27081.5739
      58.000      -27224.1871
      59.000      -26970.1346
      60.000      -27233.3850
      61.000      -27119.7820
      62.000      -27171.1325
      63.000      -27010.4717
      64.000      -27011.5454
      65.000      -26946.6983
      66.000      -27186.5307
      67.000      -26987.9789
      68.000      -26989.5143
      69.000      -27162.7725
      70.000      -27166.0574
      71.000      -26940.4686
      72.000      -27208.7930
      73.000      -27180.9718
      74.000      -27192.4028
      75.000      -27283.6382
      76.000      -27217.3368
      77.000      -27194.6856
      78.000      -26944.2504
      79.000      -27266.4489
      80.000      -27019.9054
      81.000      -27150.1876
      82.000      -27171.1875
      83.000      -27107.9899
      84.000      -27106.1303
      85.000      -27267.4889
      86.000      -27241.6430
      87.000      -27127.7980
      88.000      -27072.7240
      89.000      -27182.8392
      90.000      -27178.0662
      91.000      -27033.8255
      92.000      -26899.0746
      93.000      -27218.6434
      94.000      -27325.8802
      95.000      -27356.4488
      96.000      -27243.7343
      97.000      -27053.7743
      98.000      -27322.4659
      99.000      -27263.8422
     100.000      -27316.3542
     101.000      -27259.7066
     102.000      -27167.5145
     103.000      -27291.7298
     104.000      -27116.1168
     105.000      -27218.7377
     106.000      -27499.0447
     107.000      -27353.9958
     108.000      -27330.1505
     109.000      -27315.6223
     110.000      -27308.0130
     111.000      -27365.4285
     112.000      -27160.3678
     113.000      -27337.3641
     114.000      -27437.8876
     115.000      -27330.5110
     116.000      -27314.1485
     117.000      -26999.1579
     118.000      -27230.7900
     119.000      -27342.8704
     120.000      -27237.2588
     121.000      -27177.7705
     122.000      -27445.9864
     123.000      -27199.9575
     124.000      -27365.6676
     125.000      -27255.9342
     126.000      -27406.7569
     127.000      -27118.1961
     128.000      -27251.7677
     129.000      -27113.7344
     130.000      -27398.9051
     131.000      -27206.4961
     132.000      -27320.5653
     133.000      -27143.1399
     134.000      -27356.0061
     135.000      -27152.1139
     136.000      -27474.6024
     137.000      -27261.2195
     138.000      -27359.8389
     139.000      -27627.0503
     140.000      -27297.5368
