       0.000       0.00
       1.000      10.07
       2.000      19.30
       3.000      29.30
       4.000      39.51
       5.000      49.47
       6.000      59.49
       7.000      69.76
       8.000      77.88
       9.000      87.88
      10.000      99.76
      11.000     110.54
      12.000     119.25
      13.000     128.75
      14.000     139.68
      15.000     150.15
      16.000     159.36
      17.000     167.37
      18.000     179.86
      19.000     188.71
      20.000     198.08
      21.000     206.33
      22.000     208.73
      23.000     211.22
      24.000     218.46
      25.000     222.17
      26.000     230.32
      27.000     233.36
      28.000     241.39
      29.000     246.76
      30.000     248.45
      31.000     249.95
      32.000     261.26
      33.000     261.69
      34.000     269.39
      35.000     275.82
      36.000     281.48
      37.000     285.81
      38.000     289.39
      39.000     294.32
      40.000     303.49
      41.000     298.06
      42.000     302.95
      43.000     296.53
      44.000     300.09
      45.000     302.88
      46.000     297.51
      47.000     301.23
      48.000     300.44
      49.000     300.68
      50.000     298.03
      51.000     300.45
      52.000     303.21
      53.000     301.42
      54.000     299.58
      55.000     300.85
      56.000     299.62
      57.000     298.84
      58.000     300.14
      59.000     304.60
      60.000     296.52
      61.000     298.36
      62.000     297.97
      63.000     298.99
      64.000     301.91
      65.000     304.17
      66.000     298.33
      67.000     305.75
      68.000     299.53
      69.000     298.04
      70.000     299.48
      71.000     303.81
      72.000     301.87
      73.000     299.85
      74.000     297.55
      75.000     295.95
      76.000     303.35
      77.000     297.46
      78.000     302.16
      79.000     294.64
      80.000     300.80
      81.000     297.06
      82.000     298.24
      83.000     298.77
      84.000     301.31
      85.000     297.70
      86.000     293.93
      87.000     297.42
      88.000     301.31
      89.000     299.64
      90.000     301.42
      91.000     299.96
      92.000     307.58
      93.000     299.34
      94.000     296.39
      95.000     297.64
      96.000     298.58
      97.000     304.04
      98.000     296.69
      99.000     298.58
     100.000     300.42
     101.000     302.46
     102.000     298.65
     103.000     299.76
     104.000     302.65
     105.000     298.10
     106.000     292.23
     107.000     297.85
     108.000     298.03
     109.000     299.71
     110.000     302.12
     111.000     296.50
     112.000     304.75
     113.000     300.89
     114.000     298.36
     115.000     300.85
     116.000     298.48
     117.000     304.09
     118.000     298.12
     119.000     301.53
     120.000     301.46
     121.000     300.86
     122.000     298.02
     123.000     301.74
     124.000     300.79
     125.000     294.97
     126.000     298.75
     127.000     302.30
     128.000     302.12
     129.000     300.79
     130.000     299.37
     131.000     299.72
     132.000     300.35
     133.000     300.19
     134.000     301.63
     135.000     304.29
     136.000     303.36
     137.000     304.85
     138.000     297.05
     139.000     293.03
     140.000     304.58
