       0.000      -49003.0337
       1.000      -43234.4459
       2.000      -43323.7742
       3.000      -43257.5219
       4.000      -43131.2892
       5.000      -43007.0757
       6.000      -42841.5121
       7.000      -42683.6238
       8.000      -42518.6989
       9.000      -42313.4605
      10.000      -42147.7668
      11.000      -41948.6662
      12.000      -41672.1396
      13.000      -41463.5081
      14.000      -41240.3869
      15.000      -40974.8875
      16.000      -40734.9789
      17.000      -40425.9265
      18.000      -40105.3154
      19.000      -39872.8612
      20.000      -39510.3468
      21.000      -39386.6715
      22.000      -39226.2638
      23.000      -38985.1721
      24.000      -38787.7018
      25.000      -38683.7176
      26.000      -38422.9749
      27.000      -38339.8876
      28.000      -38059.7381
      29.000      -37846.7496
      30.000      -37526.3291
      31.000      -37180.8274
      32.000      -37099.6437
      33.000      -36652.5424
      34.000      -36349.7337
      35.000      -36176.9227
      36.000      -35922.8877
      37.000      -35627.8017
      38.000      -35320.4637
      39.000      -35214.3777
      40.000      -34921.9583
      41.000      -34832.4010
      42.000      -34776.4705
      43.000      -34851.1113
      44.000      -34636.1879
      45.000      -34733.2495
      46.000      -34799.0103
      47.000      -34698.3432
      48.000      -34768.0047
      49.000      -34782.9605
      50.000      -34828.8493
      51.000      -34636.9107
      52.000      -34792.8554
      53.000      -34728.8220
      54.000      -34719.0603
      55.000      -34653.1124
      56.000      -34646.6783
      57.000      -34626.6700
      58.000      -34845.7649
      59.000      -34761.5437
      60.000      -34662.6624
      61.000      -34765.1951
      62.000      -34774.8348
      63.000      -34890.9945
      64.000      -34845.7763
      65.000      -34729.8232
      66.000      -34756.2596
      67.000      -34679.8834
      68.000      -34868.6802
      69.000      -34849.3145
      70.000      -34629.0366
      71.000      -34703.4525
      72.000      -34929.9261
      73.000      -34755.1449
      74.000      -34721.1104
      75.000      -34781.0712
      76.000      -34777.3308
      77.000      -34811.3949
      78.000      -34751.2475
      79.000      -34758.3664
      80.000      -35025.0507
      81.000      -34791.7764
      82.000      -34930.7148
      83.000      -34732.8796
      84.000      -34894.7251
      85.000      -34858.7754
      86.000      -34917.6518
      87.000      -34872.3154
      88.000      -34850.1853
      89.000      -34840.5093
      90.000      -34924.0741
      91.000      -34998.2351
      92.000      -34959.4581
      93.000      -34865.1316
      94.000      -35092.3923
      95.000      -35052.1209
      96.000      -35138.8835
      97.000      -34963.2325
      98.000      -34987.4228
      99.000      -34895.8868
     100.000      -35139.4717
     101.000      -35074.3633
     102.000      -35012.4474
     103.000      -35035.6069
     104.000      -35012.5851
     105.000      -35033.8617
     106.000      -35059.6777
     107.000      -35048.1620
     108.000      -35040.9728
     109.000      -35102.6893
     110.000      -35057.9206
     111.000      -34998.2223
     112.000      -35020.1619
     113.000      -35117.2417
     114.000      -35158.0830
     115.000      -35112.8764
     116.000      -35069.4219
     117.000      -35177.9795
     118.000      -35134.5642
     119.000      -35167.6906
     120.000      -35187.8590
     121.000      -35115.9952
     122.000      -35200.1025
     123.000      -35260.4722
     124.000      -35237.6375
     125.000      -35309.7688
     126.000      -35122.5159
     127.000      -35103.9464
     128.000      -35166.6465
     129.000      -35055.0330
     130.000      -35085.4218
     131.000      -35018.1058
     132.000      -35255.7517
     133.000      -35116.8941
     134.000      -35301.4829
     135.000      -35213.9144
     136.000      -35091.5910
     137.000      -35148.6209
     138.000      -35175.1019
     139.000      -35232.7466
     140.000      -35328.4097
