       0.000      -49003.0337
       1.000      -42995.9193
       2.000      -42873.5574
       3.000      -42567.8450
       4.000      -42228.0127
       5.000      -41840.7216
       6.000      -41466.7075
       7.000      -41067.1415
       8.000      -40673.8677
       9.000      -40205.6019
      10.000      -39846.5321
      11.000      -39398.5575
      12.000      -38878.5295
      13.000      -38402.3533
      14.000      -37973.9382
      15.000      -37514.3799
      16.000      -37032.3588
      17.000      -36443.7522
      18.000      -35869.7715
      19.000      -35451.3626
      20.000      -34871.6803
      21.000      -34508.5181
      22.000      -34286.3654
      23.000      -33950.1101
      24.000      -33590.6799
      25.000      -33393.3602
      26.000      -33077.6951
      27.000      -32878.4320
      28.000      -32461.7088
      29.000      -32063.3766
      30.000      -31649.0815
      31.000      -31233.3635
      32.000      -31069.5245
      33.000      -30373.3876
      34.000      -30031.8597
      35.000      -29657.6883
      36.000      -29384.6025
      37.000      -28944.5380
      38.000      -28462.9349
      39.000      -28305.1243
      40.000      -27882.6463
      41.000      -27865.9157
      42.000      -27799.7254
      43.000      -27638.5322
      44.000      -27520.3583
      45.000      -27650.9722
      46.000      -27680.7329
      47.000      -27587.5448
      48.000      -27726.9168
      49.000      -27647.0694
      50.000      -27893.3229
      51.000      -27549.6226
      52.000      -27754.9145
      53.000      -27680.9221
      54.000      -27679.5178
      55.000      -27653.8233
      56.000      -27651.3829
      57.000      -27517.0074
      58.000      -27829.5784
      59.000      -27694.5340
      60.000      -27593.9978
      61.000      -27705.1707
      62.000      -27735.2620
      63.000      -27890.8758
      64.000      -27705.1743
      65.000      -27734.2632
      66.000      -27726.2108
      67.000      -27537.1793
      68.000      -27767.3765
      69.000      -27587.6968
      70.000      -27500.1558
      71.000      -27634.2972
      72.000      -27799.3861
      73.000      -27791.6619
      74.000      -27557.6036
      75.000      -27779.2303
      76.000      -27638.3128
      77.000      -27683.1737
      78.000      -27603.7632
      79.000      -27714.1091
      80.000      -27893.2836
      81.000      -27704.3711
      82.000      -27860.7134
      83.000      -27683.1960
      84.000      -27950.0498
      85.000      -27809.3208
      86.000      -28006.2026
      87.000      -27804.8495
      88.000      -27759.4456
      89.000      -27732.4800
      90.000      -27787.0872
      91.000      -27950.1706
      92.000      -27838.4405
      93.000      -27793.0256
      94.000      -27994.4890
      95.000      -28102.5682
      96.000      -27879.4880
      97.000      -27912.8584
      98.000      -27901.8197
      99.000      -27736.3658
     100.000      -28163.2651
     101.000      -28000.6240
     102.000      -27884.3761
     103.000      -27941.1020
     104.000      -27934.0802
     105.000      -27923.9379
     106.000      -28022.2553
     107.000      -27989.2792
     108.000      -27975.2179
     109.000      -28063.5145
     110.000      -27961.6579
     111.000      -27975.4924
     112.000      -28084.7810
     113.000      -28132.5503
     114.000      -28097.3467
     115.000      -28078.5902
     116.000      -27933.4463
     117.000      -28113.3477
     118.000      -28028.8347
     119.000      -28062.3010
     120.000      -28135.8375
     121.000      -28028.7295
     122.000      -28121.8965
     123.000      -28113.9121
     124.000      -28154.9246
     125.000      -28303.4109
     126.000      -28132.2879
     127.000      -28033.6861
     128.000      -28109.4795
     129.000      -28008.6409
     130.000      -27999.3671
     131.000      -27997.5359
     132.000      -28232.4007
     133.000      -28134.7159
     134.000      -28196.0738
     135.000      -28212.4628
     136.000      -27967.8156
     137.000      -28102.3929
     138.000      -28187.5082
     139.000      -28182.4546
     140.000      -28307.3882
