       0.000           0.0000
       1.000         275.2039
       2.000         539.9124
       3.000         811.4337
       4.000        1076.0018
       5.000        1365.2743
       6.000        1628.9109
       7.000        1917.5637
       8.000        2213.0278
       9.000        2455.6450
      10.000        2715.9065
      11.000        3064.9514
      12.000        3294.0896
      13.000        3615.3745
      14.000        3829.1177
      15.000        4216.6226
      16.000        4327.1460
      17.000        4670.3179
      18.000        5016.2563
      19.000        5222.6538
      20.000        5408.7949
      21.000        5764.1284
      22.000        5845.9795
      23.000        5930.5913
      24.000        6119.9785
      25.000        6195.9512
      26.000        6289.0659
      27.000        6404.8604
      28.000        6572.2124
      29.000        6686.6553
      30.000        6953.0728
      31.000        6820.5454
      32.000        7100.9834
      33.000        7255.3662
      34.000        7407.6416
      35.000        7626.3408
      36.000        7727.8955
      37.000        7834.2056
      38.000        7961.2612
      39.000        8219.5742
      40.000        8326.0381
      41.000        8246.6963
      42.000        8214.7715
      43.000        8352.6602
      44.000        8254.8018
      45.000        8288.0537
      46.000        8341.3018
      47.000        8294.9551
      48.000        8287.9102
      49.000        8309.0449
      50.000        8125.1577
      51.000        8281.3916
      52.000        8315.2227
      53.000        8311.3232
      54.000        8218.9053
      55.000        8353.2461
      56.000        8232.7119
      57.000        8262.4512
      58.000        8255.3096
      59.000        8289.5293
      60.000        8338.9229
      61.000        8282.2207
      62.000        8315.7129
      63.000        8304.0059
      64.000        8330.9141
      65.000        8280.8633
      66.000        8293.8770
      67.000        8217.0205
      68.000        8260.7871
      69.000        8192.4258
      70.000        8257.3604
      71.000        8239.7568
      72.000        8308.9844
      73.000        8241.2129
      74.000        8159.1655
      75.000        8198.4238
      76.000        8432.0010
      77.000        8235.5068
      78.000        8251.2432
      79.000        8281.3467
      80.000        8245.4326
      81.000        8342.2656
      82.000        8244.9062
      83.000        8250.2354
      84.000        8187.7754
      85.000        8233.0469
      86.000        8174.9453
      87.000        8193.2441
      88.000        8238.6445
      89.000        8139.5366
      90.000        8375.9346
      91.000        8217.8848
      92.000        8292.8184
      93.000        8292.2998
      94.000        8280.7744
      95.000        8283.4844
      96.000        8338.7812
      97.000        8328.1182
      98.000        8312.1484
      99.000        8229.4678
     100.000        8230.2090
     101.000        8309.7793
     102.000        8229.2559
     103.000        8188.1035
     104.000        8352.7119
     105.000        8332.9453
     106.000        8229.8857
     107.000        8189.4492
     108.000        8310.9033
     109.000        8186.9697
     110.000        8112.9131
     111.000        8274.1660
     112.000        8344.9150
     113.000        8243.9824
     114.000        8098.6650
     115.000        8225.6123
     116.000        8232.6523
     117.000        8301.4805
     118.000        8258.3379
     119.000        8198.6250
     120.000        8227.4375
     121.000        8316.0215
     122.000        8246.5322
     123.000        8138.9404
     124.000        8288.5088
     125.000        8201.7197
     126.000        8212.2695
     127.000        8198.8809
     128.000        8354.5312
     129.000        8183.1865
     130.000        8283.4893
     131.000        8209.8525
     132.000        8174.1431
     133.000        8191.0215
     134.000        8381.7207
     135.000        8353.6055
     136.000        8294.5635
     137.000        8221.7295
     138.000        8250.4766
     139.000        8318.9697
     140.000        8350.6641
