       0.000      -57673.6409
       1.000      -50626.8395
       2.000      -50758.9207
       3.000      -50669.5551
       4.000      -50545.2588
       5.000      -50359.8701
       6.000      -50161.9514
       7.000      -50012.3368
       8.000      -49789.3696
       9.000      -49610.7199
      10.000      -49367.3171
      11.000      -49127.9431
      12.000      -48921.3527
      13.000      -48624.2955
      14.000      -48413.6898
      15.000      -48118.7545
      16.000      -47789.2283
      17.000      -47589.0326
      18.000      -47168.2666
      19.000      -46897.0244
      20.000      -46465.9460
      21.000      -46294.9005
      22.000      -45978.6874
      23.000      -45821.1026
      24.000      -45630.0154
      25.000      -45343.8319
      26.000      -45021.7780
      27.000      -44724.4937
      28.000      -44549.5935
      29.000      -44228.6509
      30.000      -43946.9572
      31.000      -43448.1528
      32.000      -43169.9874
      33.000      -42957.7745
      34.000      -42695.1035
      35.000      -42352.8098
      36.000      -41997.3963
      37.000      -41527.2645
      38.000      -41458.3527
      39.000      -41153.3357
      40.000      -40788.1812
      41.000      -40720.7461
      42.000      -40650.8237
      43.000      -40560.2372
      44.000      -40687.6245
      45.000      -40808.0651
      46.000      -40613.7302
      47.000      -40578.5763
      48.000      -40572.1154
      49.000      -40597.5638
      50.000      -40704.0114
      51.000      -40747.5798
      52.000      -40773.1897
      53.000      -40715.0397
      54.000      -40902.4337
      55.000      -40745.8726
      56.000      -40755.0154
      57.000      -40735.4098
      58.000      -40626.0742
      59.000      -40753.2861
      60.000      -40776.0577
      61.000      -40754.3615
      62.000      -40946.3581
      63.000      -40766.9811
      64.000      -40729.1983
      65.000      -40832.9210
      66.000      -40593.4604
      67.000      -40574.9562
      68.000      -40570.8168
      69.000      -40611.6493
      70.000      -40707.1938
      71.000      -40580.8192
      72.000      -40793.0085
      73.000      -40762.4793
      74.000      -40808.9028
      75.000      -40585.5123
      76.000      -40681.0806
      77.000      -40709.3691
      78.000      -40758.3695
      79.000      -40690.5928
      80.000      -40718.4154
      81.000      -40730.8902
      82.000      -40792.6483
      83.000      -40879.0604
      84.000      -40908.1277
      85.000      -40734.6751
      86.000      -40627.3275
      87.000      -40745.3302
      88.000      -40786.2079
      89.000      -40622.1710
      90.000      -40841.6105
      91.000      -40788.0103
      92.000      -40926.7728
      93.000      -40662.9724
      94.000      -40677.2053
      95.000      -40656.7017
      96.000      -40764.9511
      97.000      -40617.1104
      98.000      -40742.4397
      99.000      -40847.5829
     100.000      -40735.8566
     101.000      -40601.2355
     102.000      -40673.1830
     103.000      -40737.2125
     104.000      -40684.1334
     105.000      -40800.2759
     106.000      -40938.5737
     107.000      -40942.1259
     108.000      -40951.6405
     109.000      -40751.3276
     110.000      -40940.4280
     111.000      -40615.7075
     112.000      -40725.1188
     113.000      -40741.4078
     114.000      -40658.1953
     115.000      -40817.2651
     116.000      -40905.3160
     117.000      -40832.4044
     118.000      -40763.8652
     119.000      -40799.8072
     120.000      -40843.4086
     121.000      -40994.3020
     122.000      -40901.5819
     123.000      -40968.9591
     124.000      -40959.8852
     125.000      -40976.1372
     126.000      -40789.2919
     127.000      -40945.8246
     128.000      -40938.3991
     129.000      -40920.2432
     130.000      -41063.6364
     131.000      -41099.8887
     132.000      -41068.5656
     133.000      -40991.4596
     134.000      -40797.2645
     135.000      -40946.3192
     136.000      -40845.8683
     137.000      -41026.8539
     138.000      -40752.7213
     139.000      -40929.5621
     140.000      -41129.7755
