       0.000      -57673.6409
       1.000      -50351.6356
       2.000      -50219.0083
       3.000      -49858.1214
       4.000      -49469.2570
       5.000      -48994.5958
       6.000      -48533.0405
       7.000      -48094.7730
       8.000      -47576.3417
       9.000      -47155.0748
      10.000      -46651.4106
      11.000      -46062.9917
      12.000      -45627.2631
      13.000      -45008.9210
      14.000      -44584.5721
      15.000      -43902.1319
      16.000      -43462.0823
      17.000      -42918.7147
      18.000      -42152.0102
      19.000      -41674.3706
      20.000      -41057.1511
      21.000      -40530.7721
      22.000      -40132.7079
      23.000      -39890.5112
      24.000      -39510.0369
      25.000      -39147.8807
      26.000      -38732.7120
      27.000      -38319.6334
      28.000      -37977.3811
      29.000      -37541.9956
      30.000      -36993.8845
      31.000      -36627.6074
      32.000      -36069.0040
      33.000      -35702.4083
      34.000      -35287.4619
      35.000      -34726.4690
      36.000      -34269.5008
      37.000      -33693.0590
      38.000      -33497.0915
      39.000      -32933.7614
      40.000      -32462.1431
      41.000      -32474.0498
      42.000      -32436.0522
      43.000      -32207.5771
      44.000      -32432.8228
      45.000      -32520.0114
      46.000      -32272.4284
      47.000      -32283.6212
      48.000      -32284.2052
      49.000      -32288.5188
      50.000      -32578.8537
      51.000      -32466.1882
      52.000      -32457.9670
      53.000      -32403.7165
      54.000      -32683.5284
      55.000      -32392.6265
      56.000      -32522.3035
      57.000      -32472.9586
      58.000      -32370.7646
      59.000      -32463.7568
      60.000      -32437.1349
      61.000      -32472.1408
      62.000      -32630.6452
      63.000      -32462.9752
      64.000      -32398.2843
      65.000      -32552.0577
      66.000      -32299.5835
      67.000      -32357.9357
      68.000      -32310.0297
      69.000      -32419.2235
      70.000      -32449.8334
      71.000      -32341.0624
      72.000      -32484.0241
      73.000      -32521.2664
      74.000      -32649.7373
      75.000      -32387.0884
      76.000      -32249.0796
      77.000      -32473.8622
      78.000      -32507.1263
      79.000      -32409.2462
      80.000      -32472.9828
      81.000      -32388.6245
      82.000      -32547.7420
      83.000      -32628.8250
      84.000      -32720.3523
      85.000      -32501.6282
      86.000      -32452.3822
      87.000      -32552.0860
      88.000      -32547.5634
      89.000      -32482.6344
      90.000      -32465.6759
      91.000      -32570.1255
      92.000      -32633.9544
      93.000      -32370.6726
      94.000      -32396.4309
      95.000      -32373.2173
      96.000      -32426.1698
      97.000      -32288.9923
      98.000      -32430.2913
      99.000      -32618.1151
     100.000      -32505.6476
     101.000      -32291.4562
     102.000      -32443.9271
     103.000      -32549.1090
     104.000      -32331.4215
     105.000      -32467.3305
     106.000      -32708.6880
     107.000      -32752.6767
     108.000      -32640.7372
     109.000      -32564.3579
     110.000      -32827.5149
     111.000      -32341.5415
     112.000      -32380.2037
     113.000      -32497.4254
     114.000      -32559.5303
     115.000      -32591.6528
     116.000      -32672.6636
     117.000      -32530.9239
     118.000      -32505.5273
     119.000      -32601.1822
     120.000      -32615.9711
     121.000      -32678.2805
     122.000      -32655.0497
     123.000      -32830.0187
     124.000      -32671.3764
     125.000      -32774.4175
     126.000      -32577.0224
     127.000      -32746.9437
     128.000      -32583.8678
     129.000      -32737.0567
     130.000      -32780.1471
     131.000      -32890.0361
     132.000      -32894.4225
     133.000      -32800.4381
     134.000      -32415.5438
     135.000      -32592.7137
     136.000      -32551.3048
     137.000      -32805.1244
     138.000      -32502.2447
     139.000      -32610.5923
     140.000      -32779.1114
