       0.000       0.00
       1.000       9.97
       2.000      19.57
       3.000      29.40
       4.000      38.99
       5.000      49.48
       6.000      59.03
       7.000      69.49
       8.000      80.20
       9.000      88.99
      10.000      98.42
      11.000     111.07
      12.000     119.37
      13.000     131.01
      14.000     138.76
      15.000     152.80
      16.000     156.81
      17.000     169.24
      18.000     181.78
      19.000     189.26
      20.000     196.01
      21.000     208.88
      22.000     211.85
      23.000     214.91
      24.000     221.78
      25.000     224.53
      26.000     227.90
      27.000     232.10
      28.000     238.17
      29.000     242.31
      30.000     251.97
      31.000     247.16
      32.000     257.33
      33.000     262.92
      34.000     268.44
      35.000     276.37
      36.000     280.05
      37.000     283.90
      38.000     288.50
      39.000     297.86
      40.000     301.72
      41.000     298.85
      42.000     297.69
      43.000     302.69
      44.000     299.14
      45.000     300.34
      46.000     302.27
      47.000     300.59
      48.000     300.34
      49.000     301.11
      50.000     294.44
      51.000     300.10
      52.000     301.33
      53.000     301.19
      54.000     297.84
      55.000     302.71
      56.000     298.34
      57.000     299.42
      58.000     299.16
      59.000     300.40
      60.000     302.19
      61.000     300.13
      62.000     301.35
      63.000     300.92
      64.000     301.90
      65.000     300.08
      66.000     300.56
      67.000     297.77
      68.000     299.36
      69.000     296.88
      70.000     299.23
      71.000     298.59
      72.000     301.10
      73.000     298.65
      74.000     295.67
      75.000     297.10
      76.000     305.56
      77.000     298.44
      78.000     299.01
      79.000     300.10
      80.000     298.80
      81.000     302.31
      82.000     298.78
      83.000     298.97
      84.000     296.71
      85.000     298.35
      86.000     296.25
      87.000     296.91
      88.000     298.55
      89.000     294.96
      90.000     303.53
      91.000     297.80
      92.000     300.52
      93.000     300.50
      94.000     300.08
      95.000     300.18
      96.000     302.18
      97.000     301.80
      98.000     301.22
      99.000     298.22
     100.000     298.25
     101.000     301.13
     102.000     298.21
     103.000     296.72
     104.000     302.69
     105.000     301.97
     106.000     298.24
     107.000     296.77
     108.000     301.17
     109.000     296.68
     110.000     294.00
     111.000     299.84
     112.000     302.41
     113.000     298.75
     114.000     293.48
     115.000     298.08
     116.000     298.34
     117.000     300.83
     118.000     299.27
     119.000     297.10
     120.000     298.15
     121.000     301.36
     122.000     298.84
     123.000     294.94
     124.000     300.36
     125.000     297.22
     126.000     297.60
     127.000     297.11
     128.000     302.75
     129.000     296.54
     130.000     300.18
     131.000     297.51
     132.000     296.22
     133.000     296.83
     134.000     303.74
     135.000     302.72
     136.000     300.58
     137.000     297.94
     138.000     298.98
     139.000     301.47
     140.000     302.61
