1			-2.6538E+04
5			-2.7425E+04
10			-2.8896E+04
15			-3.0342E+04
20			-3.1922E+04
25			-3.3693E+04
30			-3.4475E+04
35			-3.4953E+04
40			-3.5661E+04
45			-3.5991E+04
50			-3.6227E+04
55			-3.6464E+04
60			-3.6667E+04
65			-3.6926E+04
70			-3.7013E+04
75			-3.7167E+04
80			-3.7412E+04
85			-3.7532E+04
90			-3.7668E+04
95			-3.7784E+04
100			-3.7906E+04
105			-3.7963E+04
110			-3.9087E+04
115			-3.9317E+04
120			-3.9494E+04
125			-3.9825E+04
130			-3.9827E+04
135			-3.9983E+04
140			-4.0188E+04
145			-4.0387E+04
150			-4.0512E+04
155			-4.0514E+04
160			-4.0580E+04
165			-4.0621E+04
170			-4.0802E+04
175			-4.0961E+04
180			-4.0964E+04
185			-4.1060E+04
190			-4.1125E+04
195			-4.1200E+04
200			-4.1240E+04
205			-4.1242E+04
210			-4.1283E+04
215			-4.1336E+04
220			-4.1405E+04
225			-4.1467E+04
230			-4.1470E+04
235			-4.1541E+04
240			-4.1579E+04
245			-4.1638E+04
250			-4.1667E+04
255			-4.1669E+04
260			-4.1704E+04
265			-4.1741E+04
270			-4.1803E+04
275			-4.1848E+04
280			-4.1850E+04
285			-4.1910E+04
290			-4.1946E+04
295			-4.1988E+04
300			-4.2014E+04
305			-4.2016E+04
310			-4.2047E+04
315			-4.2075E+04
320			-4.2129E+04
325			-4.2166E+04
330			-4.2168E+04
335			-4.2218E+04
340			-4.2248E+04
345			-4.2281E+04
350			-4.2303E+04
355			-4.2305E+04
360			-4.2332E+04
365			-4.2354E+04
370			-4.2399E+04
375			-4.2428E+04
380			-4.2430E+04
385			-4.2471E+04
390			-4.2496E+04
395			-4.2522E+04
400			-4.2541E+04
405			-4.2543E+04
410			-4.2566E+04
415			-4.2583E+04
420			-4.2621E+04
425			-4.2645E+04
430			-4.2647E+04
435			-4.2682E+04
440			-4.2704E+04
445			-4.2725E+04
450			-4.2741E+04
455			-4.2743E+04
460			-4.2763E+04
465			-4.2777E+04
470			-4.2810E+04
475			-4.2830E+04
480			-4.2832E+04
485			-4.2861E+04
490			-4.2884E+04
495			-4.2895E+04
500			-4.2922E+04
500			-4.2922E+04
