1			-4.2984E+04
5			-4.2995E+04
10			-4.3019E+04
15			-4.3063E+04
20			-4.3102E+04
25			-4.3123E+04
30			-4.3134E+04
35			-4.3146E+04
40			-4.3157E+04
45			-4.3167E+04
50			-4.3177E+04
55			-4.3185E+04
60			-4.3194E+04
65			-4.3202E+04
70			-4.3210E+04
75			-4.3217E+04
80			-4.3225E+04
85			-4.3235E+04
90			-4.3239E+04
95			-4.3246E+04
100			-4.3253E+04
105			-4.3333E+04
110			-4.3468E+04
115			-4.3530E+04
120			-4.3580E+04
125			-4.3634E+04
130			-4.3635E+04
135			-4.3673E+04
140			-4.3703E+04
145			-4.3742E+04
150			-4.3768E+04
155			-4.3770E+04
160			-4.3785E+04
165			-4.3808E+04
170			-4.3820E+04
175			-4.3843E+04
180			-4.3844E+04
185			-4.3861E+04
190			-4.3880E+04
195			-4.3890E+04
200			-4.3904E+04
205			-4.3905E+04
210			-4.3919E+04
215			-4.3935E+04
220			-4.3944E+04
225			-4.3966E+04
230			-4.3968E+04
235			-4.3979E+04
240			-4.3986E+04
245			-4.4018E+04
250			-4.4070E+04
255			-4.4073E+04
260			-4.4105E+04
265			-4.4130E+04
270			-4.4142E+04
275			-4.4151E+04
280			-4.4153E+04
285			-4.4159E+04
290			-4.4169E+04
295			-4.4201E+04
300			-4.4236E+04
305			-4.4238E+04
310			-4.4262E+04
315			-4.4279E+04
320			-4.4289E+04
325			-4.4295E+04
330			-4.4296E+04
335			-4.4301E+04
340			-4.4310E+04
345			-4.4329E+04
350			-4.4352E+04
355			-4.4353E+04
360			-4.4374E+04
365			-4.4387E+04
370			-4.4391E+04
375			-4.4397E+04
380			-4.4398E+04
385			-4.4402E+04
390			-4.4411E+04
395			-4.4455E+04
400			-4.4511E+04
405			-4.4512E+04
410			-4.4534E+04
415			-4.4543E+04
420			-4.4550E+04
425			-4.4557E+04
430			-4.4559E+04
435			-4.4563E+04
440			-4.4568E+04
445			-4.4575E+04
450			-4.4609E+04
455			-4.4611E+04
460			-4.4632E+04
465			-4.4640E+04
470			-4.4646E+04
475			-4.4651E+04
480			-4.4652E+04
485			-4.4657E+04
490			-4.4662E+04
495			-4.4668E+04
500			-4.4691E+04
500			-4.4691E+04
