1			-2.8784E+04
5			-2.8795E+04
10			-2.8819E+04
15			-2.8862E+04
20			-2.8898E+04
25			-2.8917E+04
30			-2.8926E+04
35			-2.8936E+04
40			-2.8946E+04
45			-2.8955E+04
50			-2.8961E+04
55			-2.8969E+04
60			-2.8977E+04
65			-2.8984E+04
70			-2.8991E+04
75			-2.8998E+04
80			-2.9007E+04
85			-2.9010E+04
90			-2.9017E+04
95			-2.9023E+04
100			-2.9033E+04
105			-2.9044E+04
110			-2.9155E+04
115			-2.9228E+04
120			-2.9267E+04
125			-2.9297E+04
130			-2.9298E+04
135			-2.9335E+04
140			-2.9366E+04
145			-2.9383E+04
150			-2.9404E+04
155			-2.9406E+04
160			-2.9415E+04
165			-2.9429E+04
170			-2.9449E+04
175			-2.9470E+04
180			-2.9472E+04
185			-2.9486E+04
190			-2.9504E+04
195			-2.9512E+04
200			-2.9523E+04
205			-2.9525E+04
210			-2.9532E+04
215			-2.9540E+04
220			-2.9559E+04
225			-2.9581E+04
230			-2.9583E+04
235			-2.9604E+04
240			-2.9623E+04
245			-2.9628E+04
250			-2.9638E+04
255			-2.9640E+04
260			-2.9647E+04
265			-2.9656E+04
270			-2.9669E+04
275			-2.9682E+04
280			-2.9683E+04
285			-2.9693E+04
290			-2.9705E+04
295			-2.9712E+04
300			-2.9720E+04
305			-2.9721E+04
310			-2.9726E+04
315			-2.9734E+04
320			-2.9745E+04
325			-2.9752E+04
330			-2.9753E+04
335			-2.9761E+04
340			-2.9771E+04
345			-2.9777E+04
350			-2.9784E+04
355			-2.9785E+04
360			-2.9790E+04
365			-2.9797E+04
370			-2.9805E+04
375			-2.9814E+04
380			-2.9815E+04
385			-2.9822E+04
390			-2.9831E+04
395			-2.9835E+04
400			-2.9842E+04
405			-2.9843E+04
410			-2.9849E+04
415			-2.9857E+04
420			-2.9861E+04
425			-2.9868E+04
430			-2.9869E+04
435			-2.9874E+04
440			-2.9880E+04
445			-2.9886E+04
450			-2.9895E+04
455			-2.9896E+04
460			-2.9902E+04
465			-2.9910E+04
470			-2.9914E+04
475			-2.9920E+04
480			-2.9921E+04
485			-2.9925E+04
490			-2.9931E+04
495			-2.9937E+04
500			-2.9944E+04
500			-2.9944E+04
