1			-1.8590E+04
5			-1.9041E+04
10			-1.9697E+04
15			-2.0502E+04
20			-2.1515E+04
25			-2.2766E+04
30			-2.3316E+04
35			-2.3576E+04
40			-2.3807E+04
45			-2.3995E+04
50			-2.4152E+04
55			-2.4367E+04
60			-2.4421E+04
65			-2.4628E+04
70			-2.4726E+04
75			-2.4838E+04
80			-2.4934E+04
85			-2.5025E+04
90			-2.5092E+04
95			-2.5171E+04
100			-2.5241E+04
105			-2.5324E+04
110			-2.5897E+04
115			-2.6121E+04
120			-2.6333E+04
125			-2.6417E+04
130			-2.6420E+04
135			-2.6565E+04
140			-2.6705E+04
145			-2.6807E+04
150			-2.6884E+04
155			-2.6886E+04
160			-2.6937E+04
165			-2.6987E+04
170			-2.7077E+04
175			-2.7154E+04
180			-2.7156E+04
185			-2.7217E+04
190			-2.7268E+04
195			-2.7322E+04
200			-2.7360E+04
205			-2.7362E+04
210			-2.7397E+04
215			-2.7421E+04
220			-2.7501E+04
225			-2.7555E+04
230			-2.7557E+04
235			-2.7611E+04
240			-2.7656E+04
245			-2.7689E+04
250			-2.7708E+04
255			-2.7710E+04
260			-2.7733E+04
265			-2.7766E+04
270			-2.7809E+04
275			-2.7876E+04
280			-2.7878E+04
285			-2.7909E+04
290			-2.7935E+04
295			-2.7967E+04
300			-2.7987E+04
305			-2.7988E+04
310			-2.8013E+04
315			-2.8046E+04
320			-2.8067E+04
325			-2.8111E+04
330			-2.8113E+04
335			-2.8135E+04
340			-2.8155E+04
345			-2.8186E+04
350			-2.8207E+04
355			-2.8209E+04
360			-2.8236E+04
365			-2.8256E+04
370			-2.8282E+04
375			-2.8297E+04
380			-2.8300E+04
385			-2.8319E+04
390			-2.8337E+04
395			-2.8364E+04
400			-2.8383E+04
405			-2.8385E+04
410			-2.8411E+04
415			-2.8436E+04
420			-2.8450E+04
425			-2.8481E+04
430			-2.8482E+04
435			-2.8498E+04
440			-2.8521E+04
445			-2.8540E+04
450			-2.8572E+04
455			-2.8574E+04
460			-2.8595E+04
465			-2.8615E+04
470			-2.8629E+04
475			-2.8655E+04
480			-2.8656E+04
485			-2.8669E+04
490			-2.8688E+04
495			-2.8704E+04
500			-2.8729E+04
500			-2.8729E+04
