#Atom           bf_1r
   5.000       6.2742
  32.000       4.3321
  46.000       4.7887
  52.000       5.2140
  69.000       3.6005
  85.000       3.7880
 102.000       4.6893
 124.000       4.0094
 135.000       2.5186
 151.000       2.4980
 165.000       2.3123
 179.000       2.6243
 191.000       2.0773
 208.000       1.5505
 227.000       1.4498
 243.000       1.3775
 257.000       1.5668
 269.000       2.4552
 283.000       2.6022
 297.000       2.2195
 304.000       1.7461
 314.000       1.3729
 330.000       1.1599
 352.000       1.3776
 380.000       1.5398
 386.000       1.2204
 403.000       1.0785
 422.000       1.2973
 433.000       1.3999
 455.000       1.2740
 475.000       1.1916
 486.000       1.2732
 498.000       1.2712
 514.000       1.3681
 538.000       1.5502
 558.000       2.1751
 569.000       3.6553
 583.000       3.6763
 594.000       3.0182
 606.000       3.3110
 620.000       3.4715
 637.000       2.6122
 659.000       1.9166
 670.000       1.5335
 681.000       1.3919
 701.000       1.5027
 712.000       1.5625
 734.000       1.7303
 750.000       2.4688
 767.000       2.2688
 788.000       4.6392
 803.000       6.9273
 810.000       9.4709
 832.000       9.2897
 854.000       9.5910
 876.000       9.8875
 886.000       8.8604
