       0.000           0.0000
       1.000         272.0548
       2.000         532.5473
       3.000         793.5659
       4.000        1069.4474
       5.000        1307.3921
       6.000        1601.9677
       7.000        1865.7197
       8.000        2169.7603
       9.000        2381.0652
      10.000        2730.5601
      11.000        2958.9231
      12.000        3239.6396
      13.000        3505.9902
      14.000        3738.4438
      15.000        4056.7510
      16.000        4327.9268
      17.000        4566.5645
      18.000        4873.4180
      19.000        5114.1948
      20.000        5417.4663
      21.000        5528.4194
      22.000        5675.9590
      23.000        5799.1904
      24.000        5999.3218
      25.000        6168.7402
      26.000        6220.5381
      27.000        6337.6777
      28.000        6442.6006
      29.000        6664.9102
      30.000        6799.6201
      31.000        6891.2290
      32.000        7057.6763
      33.000        7114.7905
      34.000        7437.3862
      35.000        7431.6040
      36.000        7553.1929
      37.000        7718.8462
      38.000        7785.8433
      39.000        7964.6719
      40.000        8031.4683
      41.000        8079.7739
      42.000        8118.1084
      43.000        8201.8818
      44.000        8110.4316
      45.000        8031.6890
      46.000        8205.1328
      47.000        7999.9067
      48.000        8211.0898
      49.000        8155.1641
      50.000        8047.0786
      51.000        8298.2207
      52.000        8072.8721
      53.000        8247.9648
      54.000        8140.5083
      55.000        8077.2700
      56.000        8231.8193
      57.000        8111.1953
      58.000        8156.8193
      59.000        8033.3823
      60.000        8008.8975
      61.000        8048.2520
      62.000        8117.1128
      63.000        8078.3081
      64.000        8149.5444
      65.000        8073.4795
      66.000        8226.9111
      67.000        8169.9766
      68.000        8097.6621
      69.000        8061.6284
      70.000        8095.3008
      71.000        8110.5010
      72.000        8157.6699
      73.000        8105.9116
      74.000        8156.9326
      75.000        8318.1846
      76.000        8031.6714
      77.000        8218.4307
      78.000        8208.1982
      79.000        8122.0625
      80.000        8252.9932
      81.000        8114.6821
      82.000        8040.7847
      83.000        8113.9702
      84.000        8185.5176
      85.000        8222.7500
      86.000        8040.3823
      87.000        8080.1489
      88.000        8126.1973
      89.000        8041.0215
      90.000        8097.0234
      91.000        8082.1260
      92.000        7993.6997
      93.000        8154.2568
      94.000        8142.2456
      95.000        8156.7026
      96.000        8142.1831
      97.000        8114.1699
      98.000        8053.6299
      99.000        8102.3975
     100.000        8120.2715
     101.000        8174.8228
     102.000        8300.3086
     103.000        8147.1533
     104.000        8131.4199
     105.000        8133.8706
     106.000        8245.4131
     107.000        8057.6606
     108.000        8260.4619
     109.000        8166.1025
     110.000        8123.7773
     111.000        7975.2012
     112.000        8187.2349
     113.000        8227.7266
     114.000        8132.2212
     115.000        8207.9736
     116.000        8132.2798
     117.000        7987.1948
     118.000        8151.9775
     119.000        8076.7739
     120.000        8086.1797
     121.000        8111.0806
     122.000        8086.2490
     123.000        8086.6870
     124.000        8208.9229
     125.000        8024.4692
     126.000        8172.9468
     127.000        8207.4238
     128.000        8241.4199
     129.000        8245.7178
     130.000        8225.5205
     131.000        8083.9902
     132.000        8044.3345
     133.000        8238.0762
     134.000        8105.3462
     135.000        8175.9468
     136.000        8209.2539
     137.000        8104.9390
     138.000        8189.1201
     139.000        8063.2275
     140.000        8146.9229
