       0.000      -56384.2484
       1.000      -49524.4861
       2.000      -49594.8158
       3.000      -49499.7548
       4.000      -49336.8383
       5.000      -49150.6573
       6.000      -48961.3484
       7.000      -48731.2206
       8.000      -48552.7479
       9.000      -48368.4514
      10.000      -48081.7003
      11.000      -47858.5474
      12.000      -47644.6878
      13.000      -47422.0138
      14.000      -47102.2328
      15.000      -46798.4701
      16.000      -46622.4103
      17.000      -46253.5906
      18.000      -45900.7246
      19.000      -45482.1749
      20.000      -45249.5899
      21.000      -44917.6367
      22.000      -44691.5818
      23.000      -44541.0455
      24.000      -44372.4760
      25.000      -44172.8594
      26.000      -43959.4269
      27.000      -43642.7419
      28.000      -43274.1038
      29.000      -43165.3137
      30.000      -42780.7075
      31.000      -42482.9467
      32.000      -41983.2380
      33.000      -41809.9931
      34.000      -41414.9008
      35.000      -41281.2536
      36.000      -41066.4329
      37.000      -40639.4846
      38.000      -40555.2355
      39.000      -40160.6053
      40.000      -39888.1190
      41.000      -39690.0769
      42.000      -39751.3506
      43.000      -39737.0925
      44.000      -39709.9162
      45.000      -39618.0447
      46.000      -39812.4369
      47.000      -39620.9309
      48.000      -39769.3473
      49.000      -39775.3581
      50.000      -39672.2745
      51.000      -39757.8712
      52.000      -39744.0492
      53.000      -39648.1345
      54.000      -39741.6250
      55.000      -39793.5778
      56.000      -39830.9956
      57.000      -39630.4490
      58.000      -39875.1089
      59.000      -39884.1941
      60.000      -39828.7414
      61.000      -39690.3748
      62.000      -39764.6032
      63.000      -39975.6394
      64.000      -39924.0399
      65.000      -39784.1737
      66.000      -39811.8440
      67.000      -39924.5852
      68.000      -39786.7916
      69.000      -39831.5141
      70.000      -39882.3346
      71.000      -40070.8455
      72.000      -40002.4524
      73.000      -39930.1740
      74.000      -39854.2601
      75.000      -40023.8859
      76.000      -39825.3092
      77.000      -39965.3220
      78.000      -39966.8461
      79.000      -39883.3723
      80.000      -39941.7891
      81.000      -39719.7765
      82.000      -39876.6410
      83.000      -39882.7898
      84.000      -40018.9298
      85.000      -40034.1269
      86.000      -39994.0712
      87.000      -39996.9686
      88.000      -39803.8152
      89.000      -39947.9236
      90.000      -39941.9206
      91.000      -39886.5465
      92.000      -39915.3872
      93.000      -39771.2136
      94.000      -39864.4096
      95.000      -39799.3723
      96.000      -40109.4512
      97.000      -39990.6071
      98.000      -40162.9152
      99.000      -39916.5140
     100.000      -40090.3099
     101.000      -40029.5249
     102.000      -39956.7216
     103.000      -40021.8842
     104.000      -39921.5318
     105.000      -40160.0762
     106.000      -40156.9118
     107.000      -39965.8792
     108.000      -40033.9047
     109.000      -39970.6877
     110.000      -40055.1779
     111.000      -40072.1628
     112.000      -40050.9068
     113.000      -40011.1499
     114.000      -40091.9001
     115.000      -40063.2660
     116.000      -39985.2185
     117.000      -40153.2254
     118.000      -40153.7452
     119.000      -40112.8468
     120.000      -40078.5075
     121.000      -40169.0222
     122.000      -39882.7291
     123.000      -39998.3824
     124.000      -40262.2530
     125.000      -40205.2416
     126.000      -40143.3657
     127.000      -40315.4176
     128.000      -40138.0112
     129.000      -40108.8225
     130.000      -40107.1548
     131.000      -40012.4534
     132.000      -40168.4657
     133.000      -39943.5882
     134.000      -40052.4198
     135.000      -40259.4827
     136.000      -40165.0271
     137.000      -40118.7948
     138.000      -40225.1665
     139.000      -40300.5653
     140.000      -39991.5939
