       0.000      -56384.2484
       1.000      -49252.4313
       2.000      -49062.2685
       3.000      -48706.1890
       4.000      -48267.3909
       5.000      -47843.2652
       6.000      -47359.3808
       7.000      -46865.5009
       8.000      -46382.9876
       9.000      -45987.3863
      10.000      -45351.1402
      11.000      -44899.6243
      12.000      -44405.0481
      13.000      -43916.0235
      14.000      -43363.7890
      15.000      -42741.7191
      16.000      -42294.4835
      17.000      -41687.0261
      18.000      -41027.3066
      19.000      -40367.9801
      20.000      -39832.1236
      21.000      -39389.2173
      22.000      -39015.6228
      23.000      -38741.8550
      24.000      -38373.1542
      25.000      -38004.1192
      26.000      -37738.8888
      27.000      -37305.0641
      28.000      -36831.5032
      29.000      -36500.4036
      30.000      -35981.0874
      31.000      -35591.7177
      32.000      -34925.5618
      33.000      -34695.2026
      34.000      -33977.5145
      35.000      -33849.6496
      36.000      -33513.2400
      37.000      -32920.6384
      38.000      -32769.3923
      39.000      -32195.9335
      40.000      -31856.6507
      41.000      -31610.3029
      42.000      -31633.2422
      43.000      -31535.2107
      44.000      -31599.4845
      45.000      -31586.3558
      46.000      -31607.3041
      47.000      -31621.0241
      48.000      -31558.2574
      49.000      -31620.1940
      50.000      -31625.1959
      51.000      -31459.6505
      52.000      -31671.1772
      53.000      -31400.1696
      54.000      -31601.1167
      55.000      -31716.3077
      56.000      -31599.1762
      57.000      -31519.2537
      58.000      -31718.2895
      59.000      -31850.8118
      60.000      -31819.8440
      61.000      -31642.1228
      62.000      -31647.4905
      63.000      -31897.3313
      64.000      -31774.4954
      65.000      -31710.6942
      66.000      -31584.9329
      67.000      -31754.6086
      68.000      -31689.1295
      69.000      -31769.8857
      70.000      -31787.0338
      71.000      -31960.3445
      72.000      -31844.7825
      73.000      -31824.2624
      74.000      -31697.3275
      75.000      -31705.7014
      76.000      -31793.6378
      77.000      -31746.8913
      78.000      -31758.6478
      79.000      -31761.3098
      80.000      -31688.7959
      81.000      -31605.0944
      82.000      -31835.8564
      83.000      -31768.8196
      84.000      -31833.4123
      85.000      -31811.3769
      86.000      -31953.6889
      87.000      -31916.8196
      88.000      -31677.6179
      89.000      -31906.9021
      90.000      -31844.8972
      91.000      -31804.4205
      92.000      -31921.6875
      93.000      -31616.9568
      94.000      -31722.1640
      95.000      -31642.6696
      96.000      -31967.2681
      97.000      -31876.4372
      98.000      -32109.2853
      99.000      -31814.1165
     100.000      -31970.0384
     101.000      -31854.7022
     102.000      -31656.4130
     103.000      -31874.7309
     104.000      -31790.1119
     105.000      -32026.2056
     106.000      -31911.4987
     107.000      -31908.2186
     108.000      -31773.4428
     109.000      -31804.5852
     110.000      -31931.4006
     111.000      -32096.9617
     112.000      -31863.6719
     113.000      -31783.4233
     114.000      -31959.6789
     115.000      -31855.2924
     116.000      -31852.9387
     117.000      -32166.0305
     118.000      -32001.7676
     119.000      -32036.0729
     120.000      -31992.3278
     121.000      -32057.9416
     122.000      -31796.4801
     123.000      -31911.6954
     124.000      -32053.3302
     125.000      -32180.7724
     126.000      -31970.4190
     127.000      -32107.9937
     128.000      -31896.5913
     129.000      -31863.1047
     130.000      -31881.6343
     131.000      -31928.4632
     132.000      -32124.1312
     133.000      -31705.5121
     134.000      -31947.0736
     135.000      -32083.5360
     136.000      -31955.7732
     137.000      -32013.8558
     138.000      -32036.0464
     139.000      -32237.3378
     140.000      -31844.6711
