       0.000       0.00
       1.000      10.04
       2.000      19.66
       3.000      29.29
       4.000      39.47
       5.000      48.25
       6.000      59.13
       7.000      68.86
       8.000      80.08
       9.000      87.88
      10.000     100.78
      11.000     109.21
      12.000     119.57
      13.000     129.40
      14.000     137.98
      15.000     149.73
      16.000     159.74
      17.000     168.54
      18.000     179.87
      19.000     188.75
      20.000     199.95
      21.000     204.04
      22.000     209.49
      23.000     214.04
      24.000     221.42
      25.000     227.68
      26.000     229.59
      27.000     233.91
      28.000     237.78
      29.000     245.99
      30.000     250.96
      31.000     254.34
      32.000     260.49
      33.000     262.59
      34.000     274.50
      35.000     274.29
      36.000     278.77
      37.000     284.89
      38.000     287.36
      39.000     293.96
      40.000     296.43
      41.000     298.21
      42.000     299.62
      43.000     302.72
      44.000     299.34
      45.000     296.43
      46.000     302.84
      47.000     295.26
      48.000     303.06
      49.000     300.99
      50.000     297.00
      51.000     306.27
      52.000     297.95
      53.000     304.42
      54.000     300.45
      55.000     298.12
      56.000     303.82
      57.000     299.37
      58.000     301.05
      59.000     296.50
      60.000     295.59
      61.000     297.05
      62.000     299.59
      63.000     298.15
      64.000     300.78
      65.000     297.98
      66.000     303.64
      67.000     301.54
      68.000     298.87
      69.000     297.54
      70.000     298.78
      71.000     299.34
      72.000     301.08
      73.000     299.17
      74.000     301.06
      75.000     307.01
      76.000     296.43
      77.000     303.33
      78.000     302.95
      79.000     299.77
      80.000     304.60
      81.000     299.50
      82.000     296.77
      83.000     299.47
      84.000     302.11
      85.000     303.49
      86.000     296.75
      87.000     298.22
      88.000     299.92
      89.000     296.78
      90.000     298.85
      91.000     298.30
      92.000     295.03
      93.000     300.96
      94.000     300.51
      95.000     301.05
      96.000     300.51
      97.000     299.48
      98.000     297.24
      99.000     299.04
     100.000     299.70
     101.000     301.72
     102.000     306.35
     103.000     300.70
     104.000     300.11
     105.000     300.21
     106.000     304.32
     107.000     297.39
     108.000     304.88
     109.000     301.39
     110.000     299.83
     111.000     294.35
     112.000     302.17
     113.000     303.67
     114.000     300.14
     115.000     302.94
     116.000     300.15
     117.000     294.79
     118.000     300.87
     119.000     298.10
     120.000     298.45
     121.000     299.36
     122.000     298.45
     123.000     298.46
     124.000     302.98
     125.000     296.17
     126.000     301.65
     127.000     302.92
     128.000     304.17
     129.000     304.33
     130.000     303.59
     131.000     298.36
     132.000     296.90
     133.000     304.05
     134.000     299.15
     135.000     301.76
     136.000     302.99
     137.000     299.14
     138.000     302.24
     139.000     297.60
     140.000     300.69
